NewHash(v1.38),BaseHash
4EDE34FBADD967A6,4EDE34FBADD967A6
E81651AD79516E48,E81651AD79516E48
B8BA7F44DF1575E1,B8BA7F44DF1575E1
EB1C67C3A5333A92,EB1C67C3A5333A92
C4BB298BD441BE78,C4BB298BD441BE78
83666F9FB8FEBD4B,83666F9FB8FEBD4B
C9D9444186B5A374,C9D9444186B5A374
C1B1E9A034A63A62,C1B1E9A034A63A62
5AE11BC36633DE4E,5AE11BC36633DE4E
0000000050597EE2,0000000050597EE2
0BADBFA3B172435F,0BADBFA3B172435F
D0FFB162F40A139C,D0FFB162F40A139C
71D93B57D07F9804,71D93B57D07F9804
E3621CC40F31FE2E,E3621CC40F31FE2E
E816E655DE37FE20,E816E655DE37FE20
652D2EEEF1D3E62C,652D2EEEF1D3E62C
A8CEACB4F35AE058,A8CEACB4F35AE058
2A488C176D52CCA5,2A488C176D52CCA5
B7A628320EFF8E47,B7A628320EFF8E47
EDD95A39E5544DE8,EDD95A39E5544DE8
97EF1E5BCE9DC075,97EF1E5BCE9DC075
F34EE736CF047844,F34EE736CF047844
11E019C8F43ACC8A,11E019C8F43ACC8A
F2DB717A73826179,F2DB717A73826179
BBDA792448DB5A89,BBDA792448DB5A89
42B65DEEF2EDF2A1,42B65DEEF2EDF2A1
1CA59E306ECB80A5,35BEDD7AFD26FCD5
57D158647A6BFABF,41BB6B0BDB7933FF
CA97246103B63917,930F75DAF7DE892B
C968670BFACE42D9,4210287E2833D44B
D3C2E180A40F031E,2CA4B93E310C1860
D9D2CFFF49FAB35F,F471787D45ADC2C1
0B40ED49D7D6FF84,C2CA68A647DFDEE7
4D953DF78EBF8158,E3937CF873D88258
C4301E5121A0ED73,C189FA1CE4E3B2A5
208784099002BC30,E9F487B66E055135
20B60995556D004F,591190E69BE43117
E33D59DA70B58FDF,3D6C3476988DE6E1
A56F01F3765B93A0,6AF7EE4DD9F8B944
971D38760FBC02EF,504B26425DFF773C
22B0D0E37CCB840D,1DC2BF231DE6A016
2595DD4236549CE3,0F3BD19FF11738D3
F92691AED837A5FC,C96B0C85BE0E0287
4C241E39B23DF959,BFCE58B2B3249999
423E8DE37D934D89,EACFC87E44438F24
BF25EB89375A37AD,78B2DF314748056B
340E61DE7F471565,272ACC75FC69F0B5
9B0BB33B04405E7A,7C0C012482836EE9
293220DA1B46CEBC,2DC2890038BFF758
B6997A7EB3F5C8C0,0BF0F8F3AD0993F6
72751156E7678833,F5AFB6AFBDD3C8FD
A808AA1D79230FC2,2C10A11A684CFE96
86A652570E5F25DD,1AD5BCFEC31BB8D9
E31C2C72B8692B64,98E18969B1D0C4AB
EFBE71898A993728,DA872572A987B2AD
8BA6F76BC53A1493,410F7E904016F85F
4C9BF537BE2634B2,A47A27C1733E0E64
F4924635A19EB37D,E3F32DF0088B1EA4
B664292EAECF7FA6,5C052A30B9FCA449
CC33FA791322B9D9,1036762BD3781C84
C2DB6B6708350ED8,EDAF90EB98D31F52
A3EE4A07279BB9DB,F41EB7643E61A928
8D32347D6D4C40A2,F99B8860747709DD
B6463CF6AF527071,7E348EB3E591ABF7
D5037BA82E12416F,4DDAC4C80BACF92C
DFEBD56D9BD1EB16,B63015EB91A2D1FF
7984C03AA5CC2F41,123480158F10FA67
D53343AA4FB7DD28,B36B8558948EA7A8
DCD4EA924F42D01A,2CA971FF57ACA369
B87A37EEB7FAA67D,6D19CF57DC2F3E74
9D77056A530643F6,49648AD747832803
FE99B66D079CF6BC,366E7F593105797F
17FCA7199A530203,042D3F56FFA48394
260BE8F09E326A20,101C61FF49B27BB8
36D782F68B309BDA,45A445014B256CB5
3D34E80EED4AE3BE,7FFAB542797E5F31
81E1552E35DC3839,4AE9893CBA452EC0
EA386986E786A54F,5420D0D520CF44D0
9614299DCB53E54B,C606AE2A3209945E
BF9BD71691857E48,D91B27582ECB3B74
C9A763D8FE87436A,EB25B6CFBE0FD35C
D6A953C6D1492057,06DFF0CF48AB014E
DA66D2796BA33F12,79B648063E94A67F
388A47C51ABDAC8E,4766CFEFD1C88C1A
F030907CCBB8A9FD,A3A3E3B836DB6D5B
1897CA71995A90B4,2D54F00919E36B63
071A5197D6AFC8B3,AD9DFA8200EA2A8A
D38744167B2FA257,DD205B87CDFD0C1B
4F7D8A9BFB0B43E9,13CC211F9F7ACE7F
5CDE92C702A8FCE7,B20BB447C131B310
6AC7003FA6E5575E,55F5BD4ABD80B211
6F6F290102C02AB4,B592493CDC7124C3
8D68C8FD0FACA94E,50997FC21D62251F
BB40DD2270B65366,27FC1B0077581B37
F7B79A50B905A30D,A1CB00B61C47B900
E2A2AA2F659D77A7,E946751408DFA71B
182F266C2D9E2BEB,8FE37689D07B40FF
0F3E34E968EA374E,E7FD307AF3D07EF7
16754C556D2EDE3D,6C2F471E0CF8D4CF
9AEB285D1818C9AC,BA3738C78262143F
D79DEEFB53455EBA,75B41F5020877259
4E209B2C1EAD5159,97AEEA04505AFDC3
57E457CD2C0FC168,B800560AF60FDD2E
47E4E977581C5B55,6B9E71121F5B8154
7DCE8BDA0F1C1200,A115FBF153CD1608
F731332072F5156C,F6AD8282F4B81331
CFB0A0D8EDD145A3,0297E633EADA2182
95E8F73DC65EFB9C,F4D8C7957C89929B
C70B5FAE151982D8,8A92595B8AA1D4E9
3E5F7FC85D854E15,3C4ADC6B88FA8A08
68EDDA28A5976D07,C1DFA5E3535B69F6
7EE53118C892B513,C4D136140D260163
7497D2CE2C30D24C,8820F6FCD373F9F7
480357EE890C295A,9618CA3AB2A82C04
6373D1349925A70E,9CF2691831C7455F
EC4686EC06434678,354924FCEF0851C8
3EDCB0505123623B,20FB50DE4E866E5F
0DC7CABAB1E9B67E,46EDFC827DC67D89
EFEA18DCF10F8F75,05029439A5245679
4B53F92932ADFAC0,611CD1312FD3CA66
C33AB876A77F8164,61CB990E8973DFE6
C80A74AC829DDD92,2271ED1E65FB75EE
9F7794730795E019,A415F00D0E0DFBCE
71A78003C8E71424,BB3CDAB62C8773C8
02245FE4BED318B8,080D38ACEC5DC1A2
F372BC22FCB88606,F479CA7199C54C8F
963D27A58DF860AC,16E516CA9C88FF48
98A4EB5D89A0C952,A9C0BBFB9CBB66F1
1B5C85C612E5256E,0823FA7465392E20
D49F9B0955C367DE,0FDCFECB2EF2BC1C
142A02425FF02BD9,8B515AB1F9C6E8CE
D4E8E24955024033,6E1E3A5B1F9AB95B
577D1284D6873711,543F5B2D3F90CA6D
9C720776DAA43E7E,6E88C3DDF38550FA
F75B0D629E1C063D,B1D85A6C23F2F945
6D0858B8EDFD2B7D,3A13FD2813C8251F
B4EC2312F4E5B1F1,DF23DCD7A3E1B7A5
B4EDDC19532BFB85,87C9692CDE8B3A8D
AA391C728106F7AF,87F1904AB605184A
31D16B74C6E29D66,E6B53A6E51AAA49F
E6CC9F3BA0FB9EF1,79CDCC8ABB331B8C
49C32D60007AFA47,DF02DA324F934755
1CCD9A37359072CF,1664AA1696810AD6
054354A99211EB96,B2EC8B4970766623
85443FF4C328F53B,1D0F0A8090E1551E
593570C289A77688,722D5CFE95568B02
5AA3BEFA29F03AD4,F7701A907195ED86
DAC073C7901F9E15,0E32F508F8A14DE9
812595A0644CE1DE,14FA206D9CE730A9
8BFCEB5EA1B161B6,8E0C45ED2128DA35
AF66DCEE6609B148,FFCFF4576AE8F21E
C90D2DCACD56184C,FC3890D22570A26E
9DC711BC69C548DF,C9126A88F0FAC28F
F3BBE884A14BB413,CDEE919CA17BB8B0
4805D2B1D8CF94A9,9F2928DF31D785C7
7CE1CCB9B293020E,0B676D4511ABB729
F11BC2DD9A3E7195,8F77FF37B3B66EE9
A19435F193E081AC,63316D59F2B56D9A
3BC4245933A166F7,39A17B456BB9800A
B635392A4938B3C3,DCC81D0196B6BB05
0EE21293DAD47C95,3763A95FD16BF2D0
2BB9230590DA5E8A,91A6237658B4DA68
B3ED1BFB4BE636DC,1D74385CEC17951D
25BC98A59C2EA962,AFD2714E8B5AEB9F
8389CD56CA8072DC,67CF1352CC692A08
7619EEE8C886757F,0CC8B4C581022F66
8C4B92553E4766A5,0602C700974DF696
52F357A30698BCCE,CBD5BF9FD895F81F
F8C397922FC03F41,334291A8490E5BCB
A0948AB42D7BA0DE,48E10529AEAE00F9
4198AB0022B15F87,4D79903AC2C62A29
9B0F3DCA3DB0F4CD,C504A6173BF90791
678B9BB8C3F58FEB,7EB56EF7F2EC63A6
4AF9BD80EEBEB453,44CD355F587F467C
F095C0405307B21B,06B95C5D3415375D
B64CF2CCA9D95F52,D1C8CE12A38AA6D0
910A32E7AAD2656C,89FF0171FDDB2246
D2E6822DBFD6C8BD,E3C9546BB1ECEC04
060D935D3981A275,88CF23F322C9687A
05661B80A8C9165F,5B38E054B758C032
DACE671663F2F5DB,CDB2D643EC18E75E
33F2E3FE70EAAE1D,CF1FE5DEA3E2E135
84B233A8C8FC8AE7,0350660BE3973FF3
3DFF319A831E0CDB,64CF0B1FED5D2D23
772960298DA26FDB,B51972B58BF40F96
B3924ECD70E095DC,B7A74982A8F639B9
CEE4490CD57BB3C2,C5C459033A48B1E4
898CC20EA75BACD8,228A4ED518554B3F
E131A28626F81AB2,64F7E3FF8F40315D
F33BDFE19B309B19,B22628F56B3EAA2E
451294E859ECC018,EABC48138FE58714
9D728C1E12BF5518,79D810B8C4DF88FC
67F3780DD425D4FC,094C1D2DFE050D6E
04A355E041E004E6,288277F22D527487
E3DD5F2A84B42281,EE2FD6984DD352B8
A13E93403F26C812,827505E659355200
A48931185F0536FE,554296A515FE935E
6E9C742F340CE5A2,CDA6BA7E76D2CE61
EFFED78E9011134D,2CBBA235A635CC58
015A522136D7F951,0F6DF91234DB95B0
2B9EEDC07BD06B9F,44AF25C80C878F6D
A2C9AC24B4061285,85ADAF0E704499F4
DC16122C7A20C933,0AF4DB9B23D44B88
C593212475FAE340,2B8CB30532811E62
4160B65AE085B5A9,4D6FB5FCCA634B35
310836EE7129BA33,F98B272A945FAE61
D4D7B033C3AA243C,D1ABD511D9C326A3
8DECB02F88F428BC,6CEA35622FBD9702
AD2A7A6DFF55841B,314A1AB56764C12D
31D5E073B6F93CDC,57CE058547D78C25
405425358A7D61FE,0846333BC725A766
6CF598A2957C2BF8,9C54B5A3D8EE1518
EE47635F352DA367,B3E2CBD7C8448401
79923CD21BECE14E,0466DAD8CA6C1EAD
9483AF821605B1D8,96637387D970AEFC
79CFD9827CC979B6,CD663CB6A9EAFB34
2107BA504071A6BB,B71084333B418824
05B7A89BD78797FC,FA82BD1142427E0F
EEA5AC2EDA7C33E8,1078E3E6E7C301E8
26B0E73D7EAAF4D3,E75EE67F14EAAE37
EC4CF9FCB29A4424,6307EBFB74CAFA98
53158863FCC0893A,C844146213F10F48
494E97C2EF27C470,1947D86A2BB06F8D
13D2B8ADD79640F2,942C8DFFBBCB3EB4
25223CA6B4D20B7F,CA86FAB7FADC8353
3D10BC92A4DB1D35,9E6858A319A1F6F2
BBC72712E80257A1,A91C851005050418
961777E64BDAF717,77D50D8E8FF785AC
F6201B4DAF662A9D,60FF5ED57C36A351
1DCCACDCFC569362,5BC0C4A5DB4DFC65
CCA1072C29D096C2,DC39E4D9D73B0D14
A72BC0B675B1519E,E22116C6D321FECA
3E200C2BCF4164EB,9AA45EB0997539A2
7C4BB33A8CED7324,0EEF1F9AA800357B
C19A2925C34D2231,3413996A2603AE97
A7B2458D0AD6DED8,603ABA046B239722
056E0FE8534C2949,76E35164CB4968C4
2A179DF17CCF04CD,E498E37B41AEA1DF
5F28ECF5FC84772F,B4D080997F77F539
450930E616475D0D,956EB3331C33B055
D10282B6E3751BA0,C1D06696CC3E719B
A5EDC40EF369B48D,638BDC79E655C1C2
239528EACDC3E7DE,03903A362E41A74F
BC8983F38F78ED51,4A8177C3950CBBB7
908CBECC2CAA3690,0711D6B5B61B3EBC
886E37EC497200B6,397C98A5552886EB
BB062B2B5722478E,195733224245A760
FB92A102F1C4DFA3,480609C7D10E7F3E
4859F1FC66A6278E,3D28F4F0775C6C2A
B3C94A90D9FC9E62,C50751593572DDAE
470555300D10B2A5,E544790FBAA57D4F
238DB2A2C23EE9EF,A12BCF836724905A
9DE327631295B4C2,32FBDF1C2B7942F9
A33CDCCDA663159E,16371AB7527A7757
0A794A5A57F8DF91,557C9CA8FCC667DF
2A70BAE8883E4C81,09C4C80EA1D5B2F7
1D08B970013C34B6,F53829643801155A
919BE13EED931959,373635EFD76DFAB3
CC9AA18DCC7084F4,C5C646198F437230
E1EF3C1216AFF2CD,CA089CD1A17D76DF
AF35D0D2583051B0,170478CC84C8AE2F
428CA6DBD1094446,A2C015B68CE01357
1A9205C1B9EE827F,3CBE9F07524C242D
EA1C610A04DB6BBB,4603196EEEA2355C
2497C4717C8B881E,89E171705EA920DA
7DD959874C1FD534,42F3C85A00B4FC7B
9F8AA94D6D97DBF4,BE91B077ADADE97F
9D64D7405520E3D3,05D0B763CEEA9ABD
0027501B9F3B407E,58D4F7C6214FFC91
B0F7F8663821D9C3,DE7E9AF51E2E18EB
6F8838D03D1DC226,94F284E4B5633B45
65499865FCA6E5EC,5699E9B3CCDEC570
9BA001CB45CBF627,75515BFBBD0CE6D4
160AA1B32F6139B8,8E492A20859BE285
23F8F5FC7E8C4A6B,65C60F47A52ECB92
C9D55B1A358A5BF7,20799DE10C73159E
28D3FED7190D3A0B,2AB8EC6521549BAD
1A5AA1208AF5DB59,6FF312B4049B4865
E532F5D78798DAAB,824F744352C8BC82
176CECF6F920D707,B154967CB3B9C1CF
D3BD40951412FEF6,068BDE31F7D112BB
D031A9162D01088C,0EC2B29D4172D225
3841422E9C488D8C,8D5B447F21217223
E8854A4326B9E12B,5C679902079A7E80
93B93A37987F1F3D,12D312F073772E84
EA47FE3719165B94,4261814A9A26E86F
39E72BC99E6360CB,1BBD0A5729AB1226
5ABA3986D90D8A3B,8A1AC8EBC73850C8
00A9010CFE1E3533,507B30DD5CDF782F
1F0B79228E461EC9,698F51FB33ADAF7B
346D81500D088F42,4598B7969D5B0A28
509D5878EB39E842,795434E153F90E41
3F428D08BE5AAE31,A79DFB802C09F5F5
6B9BBD38AB0796DF,0F1058706D5A58B4
539E0AE3E6634B9F,04F4D55F2C0C756D
69F4BE8C8CC4796C,8ADA462BC5F42FD8
77F1BEB8863288D5,4E8DA737B686529A
17FFC1B2BA35A494,83B12E293561B796
34616828CD07F1A1,7F716EA884E75E49
961AC54BF0613F5D,3211C35423263392
A9C8960E8684C1B5,EC7D41CF790FC6FB
63F58F7C80513AAD,1D7A4E9E23D306D6
98EFA132A4117BE1,7A4EA1D3F050E568
15D3A79D4E44B913,45B1B4E55BF15523
F66A602F829E2A06,F9135F131C423364
88A741E44A2B3495,D17A6DB35E21C90C
41B4893843BBDB74,D0051FAE2E1BB4C8
1D6650420CEC9D3B,44095C938FBA7E09
8D8686B622B88120,4569EA65F1B056ED
A3B0C41BA5CC0BB5,791B4C3811D53DFA
C5F68BE9613E2D18,BC5268D1B5C5B73B
7FF4944CC209192D,D043E8A8264D756C
EE6C5AD3ECE0A82D,43D3344EE0A5162E
C7B4D79B01FA7A5C,EB9E73D41990B2C4
2302C0264EA58D31,EDF7F03509E6A1BD
18A47D074708FD68,159BC3DDA80D71AC
38CE16C96BD11344,B7D6400C89373777
4D36070FE0215186,B364346471C3B028
BFFEAB45A9A9094A,D93F965CFAC1D06A
AE3CBE5BF394C9C9,24DBE20C830AE9AB
F9C812CD7C46E817,F1EF58EA136E80B6
BDCD95FC216A8B3E,8A437068C87289B7
367B936610BA360C,854C404AEB476240
B736A491E64A32CF,75E3AAA7D01DEDC8
D8515F5FEA14CB3F,BD11ACD80727BD31
45FF974EEE1C8734,97A41BF3F05FC07D
800DD4721A8B008B,3E42A32E15B11FFA
E05E81A888FA63C8,FEDD7E9148CF3B3E
8E2530AA8ADA980E,CD37A28258D70638
406137F8EF90EAF5,3B3F13C4C5844979
3910051CCECDB00C,8B58E7AC53EED9F1
710311ADF0E20730,C5DE9743D6DA2C15
1C99BB7B6E96D16F,FA67B92FD990FE3A
5CEC1A84620E7D5B,32DEC16D9E825DE1
9A294B2138ABB884,0358AFF5157FE26F
99BFDC94A603E541,99A6768052B30AE8
F1CA12B18AEF5298,6DA4D1FB7DCE9FD8
C7827959479DCC78,895470BB92940DC6
69778E7564BADE6D,3550A1A1A4D8BAFF
673966A0C0FD7171,D4D9128A76AEFA14
31F924B53EADDF65,6260E778915933D8
3882114BDE571AD4,8F160110753EB17B
77F33F2CCF64B3AA,0E0A6D38926C4DD2
E65F427EB70AB1ED,E2D24A37AFCF27BF
2DE3F0A134FFBC0D,D40616C608081C8D
7FB218262B810701,FFE2CF1579FA5C68
40FDEDB72F8293B2,20CC00CC70A99443
74AFEF0D2E1E409B,176066ACB1B41C48
6F60E89A7B64EE1D,1371BE9AFC38ECD4
7F8F65877F88783B,E41AAE444A244039
944955FB2A3935C8,7C0019321F1FC821
CA7D9B86ECA7481B,B4C12EFC62A8536A
75262FD12D0A1C84,879C5D9B5CD209C5
FCBDCE714A7C88E5,964C4D363AF812CB
EE68096F9F37341E,61BE49A80917237B
1E3F1B1B891A2AAA,CB1C0F2DEA8639F1
C8A9481A01E63C28,D30B1DC5605A4D93
6B76DC1F3AE6E6A3,C595907BB71C921D
B893215D8D4C015B,94D6C89E54DCFFD2
BCBF4FEF9FA5D781,035BBFB481EB12F2
0EDEC3C276198689,818C6D67AB3F266B
1718DE8E3F2823CA,0B87A8220B73252D
AB54A438726D25D5,49CB177958B472A8
A178472EBB8AE60D,4B43AFBD2CEE7724
983765856F2564F9,7D7DBA522B57FFD0
CFC8BE9A5E1FE575,0DF115F2DFB9476F
87E7F24270732CB1,D8CDB1383C822BD5
FAEE099C6F890BB8,3A653D4F5FA4B665
C0296A2EDF545E92,3F1DFD4C1BC6827A
7277F1F2E085EE74,A8911798335DCDA2
01C7B9B38428AEB6,B7D390F8F682127B
B4C94523F023419C,431E33F39AEFC4C4
A8A024587329F36A,84CE5E7CD3A7E197
67B2C79AA7FF5738,2AC1ECA957EB9158
B2E0C0D6922D31F2,F4B0F1D16C5ECDB7
FC40CBF7B90CA77C,D1A5295FE7ADF001
F2BFA0430F0A0FCB,65FFB0A9D15E084E
61E1DD6125A3EEE6,4B1BAFAB7E8F4DA7
083961498679DC9F,95F3ABD15748A3D6
397DC58FF00298D1,091D6114DC63264E
50CAD495A460B305,1009A332C2986B7C
DC3A310219E5DA62,D9A82F3AB1350294
D796CB5BA8F20E32,DC89C3FDCADCA32F
1A24A179F9B31654,9B050CE2036A4DAD
388EB2B86C73B6B3,483D665D1287B547
2FFB6B224F4B2926,832AD84AA258AE80
8ABE8608576D9CE3,0CA958CB1364FEA2
313CE5879CEB6FCD,644B8DBA4F69BB73
751B70C3D034E187,D406352E21A7E1D0
A1607996431332DF,E5AEA27726895658
EEA3B200A6FEB65B,6992F96C61296A6B
8ABFB70C49CC43E2,9EE168DA5EB62BF3
D05BFF0C0A12C68F,97AC07AE39E43022
E9676F61BC0B3321,1CAD2A287D454E0C
605F5A140F202491,4E37ACBE6D599CB9
1218E6886D3D8327,67091B7523DD301D
06843DA7060A026B,78CDDD1E6367978D
B346476EF1A64897,5976053523EA16C8
E81AFC1BC4CC41CE,36F15E322F9C149E
AD6B3148A78AE9B6,B76EE71E771BDAA1
D45DC2893621E1FE,EE91D595F0A7D056
831E0242595560DF,6178A36ADE734254
A670B3662FAFFBD0,1AA7FA4BBD799B88
CF3A965906452031,B99E3F8D18D17364
76B02E21ED27A469,CE293C7793B5EC3F
1F13D5AE5CB17E17,0481156B0E5C0340
B60FEBA45333D36F,54BBD34B26EF27D9
AA81B5F10BC43AC2,5E85B9A5E6984D7D
4E5C93BD0C32FBF8,71E63FA8638D90D9
8F75998877616996,39448B5909AEB658
3E9B2F01C50DF595,F784CE07ED70869A
3364AA97340CA215,C84352B5E80ABF68
5D10B3795F3FC886,50309A384D827846
0EDE326D47CD0F3E,871989750407EC02
B282DC6EBD803C75,FA13CA7EC498AD09
4D9CA1009AFBD057,EA480A62F5D29812
C7622C0D36B2FDA8,095503B9F1CAC814
3C606747B23E497B,52261CF13B75FFA8
0703B9079823DA4A,2BDB866C1791F9D7
52D59AB61DDC05DD,7BC3A9305442B7FD
F29CF591C4BF6CEE,087B9DEC55AB5B29
9C74B0BC831B753A,F5B58EA504D56F28
FF41B4B141ED981C,817234E2BB671752
166E7CF68597D8B5,F8E5239A2E6E0754
CEA04D83135264CC,2BD4A25EBA9A42AD
7DBDD04862D95F04,5FB5CBC5FDADA3C9
A06C969B02A97298,05351AF95891EE5C
0CE3AA5E1CA19E10,6C9577C090944B92
29C24BFBED8AB8FB,241C904AE6C04171
C0F97FCE55094987,C77FD8F88190C5A5
14E85C5EE7A4D542,3D6C56487C41708E
534AEBA6E5ED4CAB,95BE01470232BFD7
DAD029E187A2BEB4,040CCF00053DBCB0
A7A932170592B50E,0E8572B08CEB6A11
865908C81A2C22E9,FE1DEC9C5734D0C0
726256CC1EEB182F,B3099507583713CA
9CB5CE07A3968D5A,5359E9154EC8BC8F
32C62AA929C2DA6A,987940DFD4A807FF
A8FDB297A8D25FBA,8F639D0D922F6888
FDB423997FA30340,97B846780E2A8C66
E1CD1E48E025E661,E1AA8B5D9066529D
03FC694AE06C5A20,DFEA7BB6BBCCEC80
A0FE76168A189DDB,FBB350E73795834E
20746F7B1032A3C7,31F2EFD33130D530
719FF505F097FD20,AF98B1BA240CE3DB
6D3465A73092F0E6,2EA77AAC984722FF
DF47FC56C71569CF,348B9A67D786EAEA
02C40BF885C567B6,51FB94D5F3D17E35
E4A310B1D7FA73CC,0BC8768247440B3A
C254481A4574CB2F,3DF4E172AD7D16AF
07E5B515DB0636FC,09F9466B03D29D2D
477D5D63E63ECA5D,8F00E6BF3D6A18D3
7CD6BC4C2BBDD526,88A92D91AB021F3F
742A637471BCECD9,5DDC0EBEF6A48288
9A1B3FCDB36C8697,20F6F12F2945E30E
FFC24B988B938B38,B6E26A0DD88BE958
2208438012482A1A,E37EB80DFB0D31FB
5E3CF89C6BCCA67D,84F073038B557438
9A2D0FB2E7852392,5DECB07FFEBB3573
584FDFDA48805B86,3AEC124A3999B3D1
693A5C6D6734085B,A48FA5CE681A5230
BD6E84632DD4CB3F,BC2EC768349461B7
7A1ADEEF01740A24,8CFE477EBC9C9655
EEF059FAD016D209,5E7C0A485B91DB87
24CB2137731FFE89,3921ADAA229028DA
EC5F66E459AF3BB2,50EE6E8623617CB7
8EE6B53CE13A9794,F829AB4233B77423
262B14F48D29DE80,4170FE884DF7426D
FFA5D878809819DB,D13544ADC6A3F165
FE466162C4401D18,9626157791916A72
3D87450E15D98694,A2B3B271E2AE7A08
9737A37136F07E75,1FB6C0DF282CC98A
25367DE49D64CF16,ADB056FF4873632E
504D54DF3F6F2247,CC5ED49CF9C9215F
0499D7B09FC9B407,908D1ACF42DAF9B8
6CD79468A1E595C6,0C7C436873368EDB
FBD96D87AC96D533,C9E2A193C0DDFC43
80C2FD58D720C801,D895F953C52A8886
D69736AAE04DB51A,82D42F43BE26EB72
0DF606929C105BE1,44EF5678D6916481
A7C4F2C6E744A550,3CF5ADE443D18312
22AC59A870E6A669,9B73EB6255D4AE81
5D511E3867C87139,C1FCB6CC23926AD5
E18B138FABC53103,D76BEAE1A33E3251
C1E8A365BF3B29F2,D991F7672CE8EAD3
15C86013127CE63F,33E81EAD05166B1B
07FB139B592FA687,ABAA7F8FD10DCDF2
F0AF20AA7731F8C3,A0F8D741F5D8E7E4
56CEF0AC79073BDE,472BD05C38FE7A6B
EEB64139BA29A7CF,EA38A0CECA79D07B
70A2D1137C8ED7C9,82D2BB48A39F1E88
9072C8B49907BFAD,CCCF5C35DC145D71
C86D67D52A707CF8,A6E8FBD68548675F
A72CD9CA74A5ECBA,A5030CC1B9A0FDA6
8E04FEDD28D42462,676B3404DACBD7C7
234CDD44D996FD9A,FEAAC380BBD053F4
480142959D337D00,0509CE092AC81B7C
BB9CE077274F6A1B,4B770B4D8C1A469B
49E50BDB8BA4DAB2,A880F40656CC1779
BC0ED94165A48BC2,2EB33FFA32BC9E49
7A6535691B477C48,5249BC3946DCDA75
BB6F1CAEC68B0BCE,EDE553A156C99512
F7EC25A3EBEEC726,5B86EDC52BCEECF5
153973AB99FE8980,01BF36BDFE0F82AC
A4822F1CF23F4810,E5FE8BEEDAF58134
80CA6A8B6C094CC4,87BE0E4947F798AC
7EE64D51E8498728,4022ED66B32A79DE
E50E52416CCF948B,9FB743331EC18DF4
1DBD58820FA61D71,020175C59CBE79DB
679BE1DAF71DA874,0D628BB90DA6214A
0FC2D89AC25A5814,16C6E55F8C91ED24
18EB48CFC41F2EA0,0097E1CD6A252D2C
7543BB439F63792B,D30CB36AEC29F5CC
137BC35589E34E1E,05F3E4A6F62A5ACD
97C9E4E7024A8F2C,3C42479A3436E320
5262CC1995D07E09,A82C5CF50055A1B4
424D4687FA1E5652,06883FE08D5D5F4A
353FC880830B88FA,BAE46728EC10BE94
A921AA820C25702F,6E1F1D2CB9DFB793
706D57B0F50DA710,7785488C353E6BAD
A921AA820C25702F,F0DABE056C7B70AB
4F8644AF03D0E0D6,E6363D7A51B58AD2
1913FE4CBF41C463,235C361BD000E938
8F5D1AD832AEB06C,510494EE6BA1AFB1
72D918C99BCACC54,DE25303DF0CA8E75
4F8644AF03D0E0D6,5B99D5C0DE301BD3
CA042B6957743895,C33B9889A311ABB0
FBCFA2EA2E206890,5381ADE2AB48C34C
74732C6CA90DA2B4,8E3B6139DCC5E397
F3929C2379B60CCE,4FCCBCCCB1A46E9F
10FAB35428CCC9D7,206C14525FF9EA88
A921AA820C25702F,C5CEFC62F3637652
84698AB38D0C6636,8C07DE9C165DA375
84698AB38D0C6636,DB94CFF813F20EA8
4F8644AF03D0E0D6,EDA3D32C7E577A06
0C515FAB3FF9EA92,C6CD0D7571533E51
0C515FAB3FF9EA92,9F40BBDBC30EBB13
0C515FAB3FF9EA92,3C1B81D0B5A5B618
BBDA792448DB5A89,34ECA449F778AD6E
0C515FAB3FF9EA92,8E71D51E9899AF27
0C515FAB3FF9EA92,59BF86F44D9722EC
0C515FAB3FF9EA92,4B07B5C29BB25342
0C515FAB3FF9EA92,55DCF52F9C9C17C6
0C515FAB3FF9EA92,B213F3D908ADBB5E
0C515FAB3FF9EA92,C64E4D091884458D
0C515FAB3FF9EA92,43A848299D1053F2
8C9D11605E59D955,1A318EEA506A68C8
0C515FAB3FF9EA92,934D70FE78CC2D28
6DEE77AFF8C21BD1,9FCD56F864077E14
D11FA52EB849D978,6EF8BFCB3A7C2EE9
A4718A1419D18151,84236CF02FFEC68D
1F1F957154EC51DF,C1E412BF2D1D6DA1
21442F412E8DE56B,218077812CB5CC2A
2F9D3834AEB9EF79,357A0E3F30F7405C
364DF566EC833DE2,7979149EE8FE954D
CB2CF5148012C8D0,42CE89CF8FB079E5
44A0870B7E92D7C0,93500360FCCB65F3
729072355FA39EC9,C25830F0A5BDB298
83CDB10EA29B370B,9E9699379D42C23B
58C70CF3A41E4AE7,CC2EDAABFCD738A4
8C18E0F9080ADD73,D955F1CC0BCABC78
EEA929141F699854,AD844C8843FC405C
060D6E96F8B8E48D,1861D54BAC877B58
C77720A12FE14A86,ED3365BAA5895E01
D9A897A4C6C2974F,B9314D20143CEED3
3523634255FC3318,F91D68602B0BFFFF
90A43CC281FFAB46,5D19BDCFD0320F11
93376B65A266EB5F,C8749D706BBF16E1
45EEE61580806D63,B5BF3BBD2E785884
1760FFA8AB074D66,C22CF0F8AABFA658
02A0C9720B854BFA,15EEBCDA5164F71B
6B7A646C242A7059,B137BD960DB95044
2F3C3D9F50681DE4,61C47C6F50394A92
DF993EE5E90ABA25,1EB6C2E7D90CD82E
B128377056A54E2A,F5143FB7B9EC876D
239A3351AC1DA385,DB8D6815E13996A9
8524A8B0171D5E07,BDDCDEC7B6205897
D1110739EEADB592,668CFBA07226E387
9243BAC96D64C050,5B2BDC877F7E8802
D62A67D26D9653E6,5B99C7B716657782
5F0F0C783EB16C04,D3419C924F3692F7
AB3CAA6B422164DA,9C0D256830690A70
8204DA7934DF3155,A4015D867CFA0B80
93054C88E6AA7C44,5C59701DAED7BE6C
36391F397731595D,A926D8037A6B0872
E86051786B66CD8E,738A74C5899697B7
BE4390CB40B3E627,AE77D1668DA754A8
5A34CD9C3C5BEC44,A94E048BE46D64B3
1E314167F701DC3B,A53484CF24F59ADF
9029B2F3DA924928,F3A3BAE36B132003
74513EA3E505181E,2D1DBB6F4CA53366
46818D79B1F7499A,6DCCE0FDB3CB1D7F
24AC0137444F9FD5,B2AEF68A1821E149
F9113A30DE5C6670,0702C81DAF64325D
BC38B49BCB83BC9B,5AC2C33175100EF3
89049DD63C08B5D1,1A59F2280C3BC4C3
4F14F9F870D6FBC8,8BA4AD00568AB5FC
301A42153C9AD707,F55761292A0FA0E8
23703CD154E83B88,0E0B8D8B4E896661
F87683CDF73C3F6E,0248C79F1248F36C
5FFF4CFC74D8FB80,8599CD37AE5778BB
298B91AE825E5705,D1A2328AC17D6F4C
FDD179EAF45B556C,67B8619CEF3755E8
E9B09589827545E7,0CF06D3E480E9D6B
DC64D2C53493ED12,D6B5F39048985638
9D40DF90FAD26098,3F466B2A5F02D328
4C68DDDDF0097317,51A3C8E07D2F5E54
1BF094736DD62C2E,715C70D06215B9E9
BBCCE00B381F8482,11DBA82F76F3C4C2
A6E9C38DB51D7748,DB42E53EE0542D82
6094AD011A2EA87D,DA8C680C9B8BFAAF
4A9923385BDB9DAD,B967AFE724ADAEB1
186E5D252FA50E7D,7EA43B6762051EA2
638A3A81733086DB,C9D88F06B228AD40
3B39236746714134,58B75E6A71A37784
5721B434AD84D57A,8879B2803A5F8682
2959F696AE390A99,670EBC79D84CAC16
E54E209C35FFA18D,7175011ED29304EE
49733E92263139D1,47D0DDD8833C5E5F
2B5F9D2AF1F1722D,914FE6C4D25C2ABA
299EEB23175895FC,5CC6562CB9448056
90986E8876CE0A83,63700C801F742019
51669F7D1FB53D9F,D6ABECE3CBB224B0
78DCDC15C9F116B4,041B9511CD0AC7F4
E9F6FFE837354DD4,85EFAD0D44058E0C
026FB97D0A425F84,6FA8221C9D2ECB46
3E93E06DB8EF1F30,0471F84E07D156D1
8183455E16C42E3A,97D6BA3D63E00279
096EF57A0C999BBA,3BBBF463E1825A03
19464CB6E4078C8A,DBB5D0F3BB248B76
EEC4047028426510,B9756A98505CE062
BE2CACCF5A8AA805,B5F867E143F78583
4AE4FF911DFB61DA,36A89B5D559CD938
9A497FE2DF198913,ECA23EB9C2A5E83F
7F4724035FDCA1DD,B5D61F76D4980A55
A571D46727E2B718,0D901EFDFD7EF9D5
52F0982D7FD156B6,A05F91D121569413
5F15302936E07111,27DA7E2B98AB7899
C6372ECD45D73BCD,51D19921B47902B3
826AA586EDB9FEF8,530FB711AE9CF518
586AFE3FF72D996E,B5BBED356C99E704
1FC877464A04FC4F,B20B4DFB7E26761E
729B5F1EFBC0AAEE,96729F0BA9418850
DF729E8D20CF7327,FBC6C2D539FEBE5D
80EAD8E2E1D5D52E,3B17295029166399
BE9B0959FFD0779B,D2B70038FDC7433C
4BA4E2553AFEDC2C,FB72730C92FB0683
CD90657D4C30E1CA,122A00293D3E7167
17299B63C7683A2B,36AAC12D537ACD74
DFB2B516207D3534,2671671BBCC6AD9F
1279E861A329E73F,348FE88799E71EA4
1BEDE233E6CD2A1F,7436C98D25A50C81
14F96AA50D6FBEA7,A4ECE9F9B431271B
D7E3B9735C0F89D6,6F9D3E582271B7F5
9B6786E4C03DD382,0EAFB027A1FA5757
AFC1CA75AD4074D1,C2EBFA0B77E6B2D4
225B8B35C88029B3,CA4950AD4AC0DAD8
2EB41072B4C1E4C0,2ECFC62169E31C4B
9A3FF3DE163034E8,ECF99E4700177B8A
EDE476E5EE29EDB1,203739B163D4D88E
91AEF906BCA88877,96DF114B59E81B9C
580417101DDB492F,86AF801D34E482FF
0F804F1DB19B9689,880C7B361C9651EE
EC3C9B8D5327B563,BDAD193FD6CC54F5
11E65974A982637C,C40DD87705E0DB63
C3981DCE61D9E13F,E862092047FB4664
FEDB7D269E8C60E3,612434A5544F5847
661B5C8654ADD825,F82D990162AFC768
EE82280AB767B690,401880DEB6D89C96
299FAEBB108AE05B,79492A7A520B137D
B13C14F66A00D047,EF20E9A7B745D17A
C7848EFCCC545182,CD29B8E8A95DC63C
6D14BFDC33B34F55,B7890F1006E20412
62ECFCFDEE7885D6,3EA8C0BAD14D607C
AFBD61CC738D9EB9,4BB6BF4A85268A22
85973643155D0B07,BD833AA6EB59C81B
8927CBF9D22261A4,F0AE30F012D1FD8C
17C3A7D31EAE39F9,A0EFA74FD5CED7AA
A40F9C2623F6A8B5,32C1729072A82662
FB71170B7E76ACBA,ED5AD56E2C551D1E
57D9C12635E25CE3,DEAC76DD3EF26CF5
113750538FA31298,AF18C5D546F1B022
F6C09E276AEB3F2D,78CA761D4F0B65D9
1A6478B61C6BDC3B,C7D18C6E194A37FF
475768A975D5AD17,24A466C655E8588A
A21C51255B205245,DBC51F4BF2AE3280
5333F526F6AB19AA,1595C3E8842A8F45
C20E50AA46D09CA8,95CA4545D0C61309
BE5C1255A1830FF5,276AD30F7ADB253C
B195FFA8042FC5C3,A46C42B60F7890E9
9C8C6504B5B63D2C,F0DE13DB9B2BD066
20B711662962B472,A6060ABCEB1A894C
28D1A16553C51776,7F1C9DA5D53192D3
158BB33F920D360C,81305B339C5AFA4A
28004F88151E03E0,971223096C6B5513
94587F17E9C365D5,E668BF9946D414D8
9454528DF15D657A,5B1F7232B835EC44
22D7275A79FE8215,963E03AF64E1395B
1EAF30FCFBF5AF74,197809C7C480B379
132F52BBA570FE92,74F971D19CAD1757
4F5070AA58F69279,4664EA53DEDF81DD
A2AE5C478B96E3B6,16EF1D267886F0A5
0568566ACBB5DEDC,8748E0122DD45064
703123E5E7D429C2,94D607F083224BCF
16F46FB18C8009E4,62E0823A71208EF9
3F2023999AD51C1F,3E72EB0926A107F9
5270A8FBC098C3F8,D7196DD041C06559
C024869A53992F34,0A0080A9EB535EC7
0077F15613D36993,E02F4C3522882D1E
186FC4BE848E1C92,6EE46314283D3C7D
240A18690AE96513,C2B18235ABE89FC1
54736AA40E271165,A98268C8F1649DA2
57B192B4D4AD23D5,E7473EFB02569964
95C9E72F3D7DEC9B,63E7B2FCB3D2ECBB
0CF2B696BBF945AE,4793CFF25F0D14B5
5FCF4D7069B09026,FEABE4F1525A0A08
C50AA39A577AF886,4E45F52E0261CADA
768FF8961BA904D6,CCBB1074CAAE000A
2DE7EFA66B906036,399B6D3F817B71F1
1C7302E725259789,B743E5764FA5B809
6009F9F1AE90D8A6,5C1A8A424CBD7EC6
761B77454205A61D,C90B0312846BCF7A
AB0F816885B0E483,16B4C536089C3CAD
E3AD2BDBAEE269AC,8B84CFCA87CEA22E
891B5B39AC6302AF,8BA9BCDD56AA7115
8A1C8B1738FFE87E,C34DC2DC2423B647
2A74E1D5F2F00EEC,674642CC58396437
E520FF1AD2785B40,79CC60D128756F16
67722AEB798E5FAB,EA414596102A7989
8A75CE2956274ADD,9124C2E75A27AB77
69240733738C19A0,EDBF7C79EF634D6C
60DFD0691A170B88,FBDBB3A9CC11C141
11D5F725F0E780E0,C599540CFF3951FB
4F32C0D5A90A9B40,EF482630D7014464
1C86D8AEF8254B78,14EE58C04CEAE6C4
B50C0B0CEDC6CE84,69AF387D1A91914C
BF94DD42F63BDED2,2F040F7AF0534E16
39DAC362EE65FA28,3DA0AF866B552ECB
BD2A8EC3AF4DE7DB,1D87FC6C9DC6D4B1
327EDEEEAC55C369,48AD110DC0A6BE25
169BD9382084C8C0,E803430E29ABF0DE
E870F9F1F7B4F1FA,0D9FE79B50145C2D
8C71288AE68EDE39,3B58BC4F38776A1E
57AF1F8E27483721,C101EDBBE4F86687
87F395D957D4353D,3A7B57FB88839A13
9D6981DFC91A8604,72AC1B255E2E67B1
25CB5A9F37BFD063,AE06D39287DB2B6A
23F09EADC01449D6,D58B4D2CF55D0EDE
E944C4F5AF1B5883,19CE48398ED0AA35
DF02A2C93F1F26DA,AA95EF44AC54CFF9
15337C7C268A27B2,6692B50177E3C4B8
2FC5650B0271CB57,C72A027F63D1F5DE
FD8B834A8BA05048,932557B3260F13C4
A150A4F065806B1F,BC7AFA40CB26912D
203F1CFD823B27A4,3C475AF50685F9DC
AFEBB0D5D8F687D2,492C2E126D2443B5
67A5589628E0CFF6,678E959F60C0DB94
1F471B79ACC90BEF,BBB96B2000C518B2
48DE78AF2C8885B8,2D886F8E34B7ED6D
66B59CFFD78467AF,37612007604356A6
AEEF48CDF5B6CE7C,A40947BF4C26445B
83F28CE49FBBFFBA,2999FF4884D79BD0
87EB7A3FFCB314DB,6B8C9C1D64326EAE
0F10B05DDF8D16E9,9B4A5ABBC2942C51
EF0912DDF7C4CB4B,AD2A40A210A89D47
B5D3453C98456528,BB931EE173379AA7
7303E27CC6532080,488A4A7305C96635
ACDE7185B374177C,D545129CDA76E326
6EA101606F6E4D81,9CEE125774F2E68E
8E02D73914064223,8A058FAA67658E8A
859ED1CEA343FCA8,02DA1DDD95DF45DB
9FAAA4F4FC71F87F,6A0ACB1AF84D879E
855BC38818F6F684,0AC576C57F4675DF
8362B09B91893647,A4F21DE332CDC75D
B2798643312205C5,A3FD18A27D9E6505
3A214F2EC889B100,9C493286FE3ED901
00DC833F2568DBF6,AFA3FBBB98412389
3ED1438C1F5C6612,AF65FA80D1AD087D
CA78CFA0366592FE,F086DE778B4E9DD9
1753344C770358AE,C537AA5FE720E658
82E4A58BABC15AE7,E66F26A182E10848
10D373323E5B9C0D,83C4A7EF0169D5FD
930DE22F07B1CCE3,DC729A2D359F873D
EB2BF817463DFA28,9375EF7AB51DEF54
75632C5ECD7ED843,7E4260CE3412CCAC
ABA17D7CE615ADBF,FFBE12D059373A24
BD12F8228410D9B4,2DFA0FE2AE5529AD
9A4CF4F48AD77302,6280556FDB0D083D
4B33C4243DE0C432,6ACB137CE7852248
ABD5E88B8A2D3DB2,FFACC6DF1936F7A4
6793E42BE02B575D,158BE4DA604B8CE3
9C1556705F864230,CC0A83FC3512EBAD
E11EBBB2A783FE8B,C1C9C375C9134DA4
425A44533437B64D,B868E2BCD1CF7446
2EA9A3BEDF3F17B8,4F11245B08F5B536
4164F227D052E293,C26F8B2CC24FCB67
D45CB817D7E177D2,2114A68B95B68855
44E44169EF70138E,FEA9B1B11A8D68FF
DFA2EF8E04127DD5,A08F3C300F9E3468
0145F696AAAAD2E4,AD9D75DD073BF477
CBDD322A73D6D932,AD10474DA09C52DF
BB779C0CA917E865,544677934225FF04
4AF92ACD3141D96C,A51D13BAA974BAAF
DC54A7AF8B3A14EF,FD9B1BA8BF1C7283
EC72C258667BE5EA,07385B83EE1D8547
1CEFB61F193070AE,AEC698CEDC543F39
E791DF1F73ED2C8B,0442C8191F96301B
F5BED327CEA362B1,546A7040214736BA
50F940259D3841E6,609EEF618F8CC869
D972E4BD7AEB235F,D77442BF501ECF27
6C5AE23EFA885092,3D9AD37162DD6896
48B3886C1358D0D5,8543AEC08F877EE9
1E8E5E20937E3137,9442B8AA55165151
F9E56683CA8E11A5,F13F8FC27BECDEF6
5835D9CD92E83184,72021D50470D04D2
3A618A217E5154F0,80B2E30CC8B794C0
63145D9C883A1A70,70D76B2EE444F0BD
25FBB336DF1804CB,E5A80C83FA218963
CD015E5BB0D96A57,BC68FBDA73BBB4A6
07C837F9A01C34C9,9E8B548C035F223D
BE6B23FFA53FB442,968AC0BD45D79791
465C84BC39F1C351,EC535F8A76FD9ED3
441603240D202FA6,515B0629DCBB6181
038C1F517D7FDCF8,00DEC68C32788DCD
66E0276CC5F6B9DA,57BF57F8A1C8167A
77ED170667F50170,315DA2F7337A8638
2F844A8B08D76685,952AB441FA24BF16
50B196FC9ED6545B,C863751B64F51C9B
8D4D46230B2C353A,C7E4E71866B09979
C906A7DAB05C8D2B,7956E831D8C0C17C
FB380A29641EC31A,9C14AB9191A9291F
CEDABC5900A0BF97,F49153DE3D8F6474
57AB4A3080F85143,906F945A9175295C
5A59271FFADD33C1,7B44CC985AF750BD
788756D73AC2E07C,3141356F64B8C5E5
D76B57B44F1E6F8B,28A5BAF912B4E14D
3317DEDB88C95038,C6D04E4B28753F77
C2D15BEF167E27BC,AC8D5BCAF7B9ECA1
DD21B55DF695CD0A,AA115D61707C2388
95CF81BD06EE1887,1C630F5050F06EB5
C7C6789AA1CFEDD0,3707E4839F4F6184
F1C03A5352243A30,E07F3955DD358B0C
25D39B935A038A26,EEC203A73BC92E7E
6D38F1F04CBB37EA,FD1CE2B6AA9C0F57
CCBA154209823057,F03E9E22B505CC07
C514489CFB8AF806,E4D3CB39357EAEFA
F4F2C0D4EE209E20,00501E90C3DEF64D
AAE7CE1D63167423,A944664D6E32BDF8
351220255D64C155,681AE3DAF3A73058
3D9ACB1EB139E702,E83E493D593614A6
AAA34F8A7CB32098,16D66F11FE644901
277F471BA9DB000B,5F2B3E2AFA7B81C5
D95E79E8686D2C27,49721683C2EB0132
76EF28DA05EA395A,4A3CAFCAB7B02E0A
613F125BA3BD2EB9,6426BCD3A73D86E3
897433D292B44130,B4989F41D2C06478
D47A2C1BA117471D,C2261AD438CE2145
23789E777D14CE44,8699E32382F19A35
350AA5EBC03D3BD2,7397CA13EB94D4F8
498C1E05CE5F7877,637CBC94E1E37AB1
F70EFA14FE091429,B88F95FC13D1A4DD
C2F7FE5309181C7D,F233234A48D1B109
E260E0BB9CD995AC,9B3EDEAD916F8BAC
A6FA3979BED01B81,910551839DC6A7B1
E154B48B68EF72BC,861FE11BC2273595
6FCF8DDEA146C45B,0206FE451E16E368
E374C498D8BADC14,8ADA5005075878E9
0B4DF1FA60C0E664,3CA6514EA63E4687
EB2D525B57F42B40,DA81FB7770247CC0
3903E216620488E8,B3013B466DEA6673
734292F4F0ABF6D0,E9F198943372703F
5F4B6931816E599B,66647E28E2119755
2DA49C3B79856961,CA1C55E06155C7AA
D83C2B94E7508980,40C925D4A6D691FB
D313DE83394AF134,8E05DEDD046F3949
28579D1B8F8AAC80,7AD43B94CD205A49
21D04D7BC538C146,2C02FD537351F376
BE22B26DD764C040,BF480D363C51CDF8
4B805E6046EE9E47,04F690ADA8C71424
EAF4CD9EA3E7E922,0E497F28E1A4E3F6
EB354E5376BC81A7,795DF3C9512FD2E7
A5E78BA2B1331C55,C507AA2C3FCF5DA4
0AFC4AF510774B47,2C79DF42E0C84790
2AED6301F67007D5,40D79ADB3AFD3714
C5286FFC176F28A2,D9045D352687BE18
367A09DED4E05B99,314B0D9D224ABE3A
DCCA191DF9980FD7,0EF09B31D2D655FC
2A2173E46DAECD12,A01D7927903507FB
A516C198B7DCA1E1,2A5C1594F37A6631
47D6F43D77935C75,1F9D47D45E125FA6
C45D23BAF168AAB8,547F3E9F33EBE1F4
1C8A4C2C19E68EEC,AB0BB1BDD76B67DC
54833611C17ABDEA,50B76EE36FBE865F
6683AB880E427778,EA5C7C61843816D5
3F878F92B3A7A071,069557E67CC67C29
AF514CABE74CBF15,498685EB9132AF88
300D614A4C785FC4,9CF7186A344D26A9
21543C612379DB3C,C4989A5366317AA4
F0F2103EFAF8CBA7,9F3F28DE61C3AA82
92523B76657A517D,40A7E0E65D62E5D2
F1160ACCF98A3FC8,7B6B41ECBE4B733F
AE2AF67E9D9AF65D,C983AF341845804E
2E8D9498C56DD0D1,6F88E7102828619D
B98236CAAECEF897,AE9FE38DB6527FDA
E2590BC29220CEBB,04F03AEA116F9138
54318C915D27E4CE,7A4C054D66609AD2
95AB8B5C992C7B58,8875237855302F87
1DDA930A0AC38571,FBF1F1BE9D437D22
6FA46612594F7973,DDFB0D5F3D3B74AA
FCDFF7B72D23A1AC,895779B17E5AA5FE
9A41CF4674A12272,F7F6A9157CE1B76E
C6ED9D5092438D91,9783B77820E7F699
A8638BE228D4751A,AC9409F7FDA89956
CFEB8AF24FC1D0BB,3406B7B02FBFBD2B
07DBD622D9533857,D2F30BF6810641EE
040ADDCBAFA1018A,6A87931A7B2A5A10
16DA8172459434AA,4B415BB8C5A2F41C
7DB18CA8CAD5B098,D48F3624355BD10B
4737980E8A283806,604A21CCA592EABC
7A3F19700A4D0525,F3C5658991970A49
C0D2AF00BCC234CA,41328F5E1B95097D
C8B1B2425604CDD0,51DFF77F172C4420
5EDEF0CF8C1DAB3C,22ED7F522AE8D492
5B6057BEABB33F26,BF5B95C83B593EF5
40AFB081F8ADD4EE,F0BEB9CF42DF36BF
759650634F07B6B4,3D68A2625439C18E
F3F776ADA161E47D,38B84ABF853D49FB
3DEC726C25A11BAC,ECB116D1366C304E
0C0C4E81E1AC60A0,D26CA43E28737C33
6A12D88881435DCA,F5915A8BF7232809
34D23450F028B0BF,09B576C6F15481A9
D801CC02177FA3F1,3711369E6CE3291A
1072F115DAB0717E,CEADF02ABEE1B4F9
CB82A0BF0E3E3265,FBFB30437D2852F5
0D6CA79EEEBD8CA3,BC9F17DDFB6B7BEE
A67C35C56EB1BD9D,7A7C3E6346CB112E
BC4C9EA5391ECC0D,184AACD856873F4C
3998B1276A3300E5,98A0BE1A3A95E5D2
82352748437638CA,070E110DECB2ED01
EFABC7722293DA7C,F589ECFFF0C877F8
AF754F20EB5CD51A,782123551A887409
9614B71F8ADB982B,F496BF8D9348EB34
1353F87E89946207,F54628B8295E0CFD
4FBACCE3B4138EE8,EDE161DE4F39475B
F511F759238A5122,DCB047B68195DD6F
50085246ABD3FEFA,57A7F754B6B8906E
3BC861DF703E5097,D7BB21DBCAF9ADB1
7C2AC9CA66575FBF,B9B9B15BD0EA06BE
6F972C1AB75A1ED0,6AFD64BDD2C5FBD7
4EC12697209F2196,A23A74F32BE523E6
460BC76A0E10655E,F05D6BD44DA210C7
2202A3F42C8E5F79,CC9187BE146DCE4F
E33FFA906CE74880,CA5702B560C1A812
DCE4334788AF94EA,E267416B80E7921F
C8B189ED9138BCD4,C22F348FFBDC037A
95EED5A694951F9F,AB53B3829B28E5B8
78CFE51896B6B8A4,AE07F5C5D7B878C1
2E397FD2ECD37C87,B590A8673D04F7DA
B4A53E05F68B6FA1,4C5488249DC68F24
AF50DA1A3F8B1BA4,84B16C7901B604D0
BD545D44CCE70597,6B59962A89E93CDE
74FB3E29E6D10FA9,F66D3F19222C4D15
27040C25DE6CB2F4,8706A6A3C7549518
5F7B268D15BA0739,F3936E845DB36009
A4E8E696C532FBC7,BB39914B3DE0448D
84ED31191CC5D2C9,36416CC5F169B4CA
BC72B5D7A1CBD54D,DC2776C9C8195355
6058665D72302D3F,E8BB55C193F7573E
377906D8A31E5586,3876E9B099B1F669
35B9E0803292B641,62A5B93F8270CC83
1D408577D440E81E,36BB8F00E3205417
01FEE67DB37F59B2,BBC3519C07015926
BF0FD6E56C964FCB,D82D50E4AC0D46B9
C5F0A8EBD3F361CE,985CACB900CBBF03
8BAD02F0368D9E14,7919C1F1872DDE8E
4899CB088EDF59B8,04BC2951833EF44D
047CBED6F6F8B63C,D6AEC66068602CB3
11879CDD803D30F4,180515BEAA9FBCFB
FF1BED81BFDC0FE0,B3B3B53C2C3D8F6A
487A82C650EB7799,791FA2C27A7A2BC5
0225778816FDC28C,4D96A42366D2FBE1
A87E00932DB4D85D,E3CDBC717F3A17ED
0EF93E9F3D08C178,27D1524D8F8AB27C
C724C701C30B2FE7,10A0C871D59F8003
2238E588E588A6D7,FB0F840BB90F1EB6
12561FCBB62D5B9C,547724EA136B58B9
B65B60556E2A9225,B30CD10E2CD1B67D
6B24BFE83A2BE47B,92685F7745983649
D93DB43B82BC0D00,D3693FDC4A25CD24
BDECF64367884AC3,111FCF62A4BA857D
C912AF078AF19212,3141A840BD2418CD
1C9D7949FA533490,A085ACB00B1A8A1D
FDF3D97C674AFB66,E7C79E1B8D592E06
459FD2C8D0AB78BC,BC240866AA8ED57C
0F07E7745A236711,53DE24D8A6C88A9A
016C090630DF1F89,C89296DD6818BE01
FD55E49555E017CF,B694862A9439EFF2
BBC08F6B4CB8FF0A,6A6C88201B15D7EA
DCE214D9ED58F3CF,F0AD0F5559C2EB4C
6A25241C340D3822,9C9EC7CC88D050FA
A66C71C98D5F2CFB,33B36D543F6B18A6
740E14FAD5842351,6EF509381A399003
462E0DB9B137DC5F,8E9D6E2DA3B756D5
C6017F6A6CDFA694,EC2B618924CFB80F
B1D200FE26AEF3CB,656F27616F8FB0BA
3DACA8DDC6FD4980,CBB53772CFBF62B8
15D757606D170C3C,6352BFB5F372FA37
92659B4CE1863CB3,03C842FBBC137936
5BA652A0CD14DF2F,71DEE06C5468FEE1
115722B1B9C14C1C,037561EBFB8F7D13
ED712CA327900C8A,652CD4778CAE64C2
CCC39339BEF76CF5,C419E4A083905E8D
A91C6F0FF7D16A13,705ACC7428FA85E1
6DB47AA77FD94E09,63FD384CB138320F
222FF6A823D122E2,51620248CB43B6AF
7F6DB52EEFC96DF8,B480C9C35514775A
45A9187928F4B9E3,8D367F0B53916265
9F243D3919F442FE,9AAA60D60CB4E5C7
57FFF03E423A4C0B,0DDE31F276B66983
90A09F3A45FED688,9437DA8C00A86EE5
557E43C447E700A8,C88DEA05B3199327
071E2A839DE82D90,48B2358C160F2533
2587A48BC88DFADF,7C48EC18998B637E
032A116663A4D5AC,AAA8AEA16357B80B
44F28F86433B10A9,EFD4841266953EAA
2FAA3A30BEC0F25D,1F40A2E0DF8D6171
CFF869CBFA210D82,BC28F9DB06EBE19C
648EE3E7F38877DD,73EB60E7645EAF45
1CEA6BFDF248E5D9,7739A311341A5999
60296AF4BA14ABC5,8A90955C39C9044C
214CD562A939246A,F3A5A9B3C619EC98
9F0C0A981D73FA56,2758917A814C20F8
B071E27958EF4CF0,EA6E45901A12B311
FD00798DBA7523DD,A63E80C5933E74F0
426141162EBE5CDB,2866F13E46EAAE03
D66C9E72B3CC4982,4AA9B591F7C133EB
58CC181719256197,C43919AB44F8EB1D
C82630132081BB6F,6B7C0BD5B0CEDC41
F745B37630DF176B,0571333E2C22FC64
444D98F98C11F3EC,F5D8620825CF306F
F7F26C6E9CC9EBB8,39880245189173A7
ED74007FFB146BC2,C1A7CF4B179CD225
9AFEFF481A85AB2E,2C2F1450FAC84185
2C2B3493FBF51C71,767346F258162697
21FFB63D8C615361,0079B680EB32314C
1E0B4DC0D990A4E7,095290E662CE0E24
4A18E01DF2C87B86,EC3BBBCF6440E579
B302540597885499,1CA32AD653DA7B78
3B988190C0AA6C0B,32051C1124051B7B
1262D55792428154,81582C67F13BE1FF
7EE3A3C5E4A40CC9,B021D5C8EC8634FA
4F1D4BE3A7F24601,C612552622E74D36
BCDF8BAF56C87B6A,405618B55A98EF4B
83F969AA1EE2A664,C6F40BA22FFB861E
19AAC8F07BFEC53E,B4DD528ED76ED647
A7A866D21CD2329B,E4F2BC3D40737711
33468EDC08E371F6,953EAC8A463313E4
BD4D7EAF8A30F637,14D8BAC5AEFB49EB
33E8CD3322E2FE31,473DA067A7AE5435
AA08EF13F341C8FC,851D0D0DFC8084DB
3288D8ACAECD2AB2,DB5C5980B9AE89B9
6F2135B6129620C1,6ECBFF1E07110050
471D2FF42A94B4F2,6906086484B6A5CE
0A1CB9094635D1A6,AA464864BA733E26
43D3807C077261E3,90ED32458AC2D129
CF511840CEEDE0CC,5DB36020C0F8121D
B1632E9A5F988D11,D79E16EA1337F8F9
26AA915AD89BFB4B,0D5E478A215B3F4A
9BB01E3834671191,AB3E7E62A69D0DB3
0D127585F77030AF,C66769C13C830856
C32779C16FCEECD9,28DDC3A09E7F918B
ADBF060E2B30C5BC,A7E5F88C5CF2D04B
F46C581C61718916,D20D31BC4E3A72D3
A4FF579AC0E3AAAE,84BDC1D2DDA37898
70FDA869F3317EA9,7F827BDD9A88B58D
189E955A8313E298,48A41E0B6D206A79
60BF608F1B8CD1B6,F7E38415C6027209
2036F561ADD12E33,A2FEFE3BBCD9FB23
2B6747FAA9DB9D6B,5E3D11E1DC5FBF4D
6C8065A3B780185B,90517F1BF9113FB8
F166E48407BAC484,9DA29013F33252A6
717C8481234E3B88,3D915D0A501B4252
95E3D6257B166CF2,D29D1374727D1C85
245A6883D966D537,CAFB54B99BF4F907
7A556143A1C03898,E9B24CFD75198D4C
219C7B8D53E429FD,D1F051AA4563F197
07C313F94746702C,E2BB9441C54169BF
7D41E9D2D17C5B2D,A5827500BA13CF74
1EE7D8DF4425F053,DF27EE31B849DF76
9EEFB62EB27B5792,1594E542FF3D23EF
CB4E8BE8A0063C5D,9745FAC5B3E4C8B8
684785568EF26A22,45EC8BA85459EF82
1AA8A837D2169D94,B2B610091E845B65
7AEFB85C1D49DEB6,F8207455457B967E
DBA71115ED9941A6,F5139E9838774FFB
5BA7919BED300023,B8FD45B9686D7177
F39C4F538B5124C2,268E92BC5372AD22
E38E9162A2500646,622E46C9F30FB60D
1F2AA07F00B3217A,7D867CDA26E248C7
3B963160CD65D41E,4FA5062424CA8F79
57C51E6BAD752696,64058BD9F4A43D49
6AF0636DDEDCB6DD,6895CB0D4F2E7CDC
2A1F4F37F95BAD08,C6A2E001AEBB5B7F
F3638DAE8C4045E1,1A19852065CF1420
B4BBFD9CD8B3922B,6076D375CCB55DBA
399D2D3B33F1B8EB,CDF87F9AAD28040F
A41A05B6CB741B85,CE84F8AB9BD41C13
D9E3006FB3CBD765,C5CAF559D14B1D18
8A97BCA30A0CE478,D2FBB949CDCF79AB
35F7DD45E8C0A16D,BB61E4E5DB5BBD9B
420BD37289EEE162,D4B5BD42562AA87C
55E86AF2712B36A1,EFDEF37B67B5BBF4
41F37C3427C75AE0,B15BA3909055E465
B48FCED898292E52,E9B5676DFF7B46CD
52AF537A0C5B8AAD,94DF8EC7DE1863A1
5C29F698D404C5E1,6322ED685F2E1703
899BA936634A322E,3673B6048EE4354F
033C0F9A64E229AE,D3D73954D371F8CC
92C47782FDA8B2A3,FE0E12C8B9EF9558
2206BF9A37B7F724,9673FB069F90F6B9
4B0311D3CDC4648F,BDF731C5B27D78FF
A5FFE9B05F199DE7,7E776581CBD86516
6D8EB211944DCE08,AD2E50C41F073454
6ABFA3E16460F22D,1CA878DB277C6DF0
9FBDA379383A52A4,32279DAB93C9A9FA
DCF0754AC3D6FD4E,5FFE809EA0CD41B7
3123FAA6DB1CF7ED,D1957D9E3B9B19F6
036F97C908C2B52C,257CAD90873BF327
3FA4BF0A7AB7DE2C,91F3303ACDC001BE
068E835A1D0DC0E3,BAF2F13FE4D19AA9
8E5FB15663F79120,A5C5D178B75F53C6
11FA5D3479C7DD47,BFC9082A414E1E7B
7C814D2FB49F40C0,59F1FAF3E8A64BD4
F1307EF624A80D87,451E904FC8FB5C54
4E096588B13FFECA,D7BF3EFD7B2022EC
C02F4DBFB51D988B,7160B751D113C8C6
E7FFAE5EBF23D890,DDD5C8D7152E128F
888D57E407E63624,24BE716BB6F8D262
35736EE65BD00C11,345540F6D1175D5D
30CF4BDA4FCB1905,928E0D7BE0057D1C
54CE8AC98E120CAB,F942A67633C39BF7
85F061DA64ED2F67,B12E7ADB99F5BEEB
A6294919E56FF02A,4200138CBB376D4D
A0EBB943C300E693,DD7C2F9844E745B1
6F6981D2253C208F,4E06EA55E2B40658
C900596A63978C1D,B1DADBFE243A3F87
B629A298081F876F,92A5E0D2B7BD5451
2FB897405C90B361,1EB7C71DA8CF1080
5343532C01A07234,86C9FC78CFA91BFF
F5ED37F54CD4D52E,FAFB0D577CCBFE53
C819F3CBB62BF692,E5AC37B329B31F82
47C3B5848C3E45D8,29D9E3B7EDBBA6FD
7A2D8AD0A9EB9C3F,E76ABB7DC1AD1626
FE02FFBED8CA9D99,936616EE3F524830
8609C75EC438FB3B,D13758E51A782103
65475A218FFAA93D,BD7D4E8BCF2E9BFB
774BD811F656A122,F00D6841F0A8DB2E
1FD09E7390A74D54,610E47A3444BAD86
5640BFF86B16E8DC,5C062C9AFC66C513
58FCE43488F9F5F4,BE4E52D6C3D53CB2
65019750A0324133,F66C9C93DD6D9095
5F0F3F56635809EF,8FC9EEB5362BDFA8
80ECBC0C856D3B0B,57C1B8A4131913BA
0AE73D8DF3A762B2,BCB30BE1CC07FBB0
B5349E36C546509A,F9396352432E6C10
FB5045B7C42B75BF,3FD146795EFB335A
957E790EA1727B64,642711D920F70943
FC4842A34657BFCB,D2179AB45928B7F4
B096419DF0D06CE7,1012C4215A037B41
E3E2C1B4C59DBC77,68B0D6E564002023
1B9C0099CB942AC6,3D72B9992AD4B7C5
6DDBBDD98E2E9C25,5A5F8D595F57FCD3
0267D00AF114F17A,80F0B256CF198970
5AD23D40115353AC,B0C1A43193C25F7A
5C9B84BD7D31D908,D5B3E5CB06248A58
404A5AA9B9F0B746,64DE59E32AAC9189
E73A266DB0CA9042,C85977CD781454AC
C429DCEEB339E129,5501AD171E63CFEB
07116E24E9D1929D,D72C3BA5CDFD4574
3E8C8727991A8A0B,AC2B08493719B297
92F0CF722BC4202F,D4DF29F3D7B97053
9F3F689B814F2599,2F59632BC3D0BA0A
18FF00FC7EFF559E,0A6448DF4E471932
B104CD1BABF302E2,3B89994312445DE5
1837AF7C627009BA,640EE45C98DEDA73
4A04DE7CAB2739A1,4C33A8616B52B9E7
7167371E8AD747F7,55789862F4706059
B9EA40907C680580,4DC1FDFBD910E9BC
0134F0835AB6BFCB,008757980182E12F
2707AAE9D9297D89,77D94117A41AFFD3
F51D36185993515D,28692C97ECBF1415
175B6BFC15CDD0C5,DC17B40A177A7FFA
C12321827687FE4D,86DA8A407ED8A381
46A1E1A299EC4BBA,016587321D096AED
EB47EC4E34FB7EE1,911ACE3851C77474
8C95333CFC3340F3,A1515A94D43946F1
42CBE54462D92634,4919CE7E9ED9532F
CB9E1EB3BE2AF4E9,C460A3A85FF669A4
4060057271CEBC89,C73BC4D74B42DC7A
DB172424876553F4,F310607047A538D0
102E68B2024D536D,817486F19ADBF54A
E6C0C80B8C867537,83BBEF784BCAC410
0EB0585D15254740,E475510533501D9B
D75ACCF5E0FB5367,9F2A8E0E21EBB678
BAC7FC81A75EC1A1,94B9C0AF4E5E520F
DC0F817884CDD856,E63D792F88BFF242
34AD89078831A4BC,3A28409F83158983
4055E40BD2DBEC1D,6E0A609EBFD3A99A
B6BA2444AB393DA2,45881466B05A8703
3AE22DEB5BA5A3E6,39E572BDDBA714A2
B3B3359379FE77D3,DE4C646AA47C6026
EAE6DCC7EEE3DB1D,2C0A57D1B479F226
90B6DA738A9A25DA,252DBD884DA853D6
80D9F74197EA47D9,B2B2B460EE75764E
8530AD776CD72B12,5535F005DD8AE6E4
23641AFE870AF385,12559ADDF0906A98
9663FE6B7A61EB00,AD12B613280ABFFF
E73364DB90778FFA,442386ED177F9C74
252E5F915EABB675,0EDEF7978CB99169
C5EF963405593646,488B94C6752B342B
0B568201DD99F0EB,ED7CF0445832FAEE
61631F5DF50D1C34,050A8AC3F0C8C211
6B17C62C9635D2DC,68C57F5DB4F92876
3B3CAD6166916D87,4257A5C2A5815772
D2C91A0B572AAE56,E739127DDCFFD880
95D9F4BC443956E7,C1DF1475AF167C08
33E3C6C6F2F0B506,5A1619993190DFD5
6004BCB0E226AAEA,9740F9C648B27B1F
E659E47AF827484B,B4E725A8915BDF60
98D18905BF723B99,F4E9E5E4909D05A9
3BCF567485E1971C,9D8193D2F71A2E2E
1CBA05AE7BD7EE05,F88028E143C04565
05983472F0494E60,1F3EE1342053D674
3F892CAF67444AE7,966FF0999887A469
C8BC6461E629BEAA,4F20B49F58DE595E
556C1AA270D5A207,7A65E39F58B0A607
B2D06FAEDE65B577,C228040556B02BEA
1C186837D0619335,37A2D5DD137657EB
C2AFFFDABBDC2C5C,74634292CAC72DD6
468056A6BB6F3846,3120C869DFADA521
42A4BEB35D372407,736F95037A0CF876
ADCDE75E1C60F32D,6AE4659854073F2C
BFA48E2FF417213F,CC09B877A009E41F
F82D8F1926A02C3D,863490667AD88563
056A8A219B8E829F,8BE64A4794BF87FA
580CE4438479CC61,B8CE2A3C998060F7
95914459A87EBA28,4F15DFC8A6FF9D34
EB4A0C2D56441717,6F679DA224529C6B
B08B85D860E7BA3C,2E0FE03FE616F8F6
23285DED6EBD7EA3,6EC1CF4C6A8CFEA3
C8535819C450EBA8,CFC30375A8407970
E143FA2249364369,B219A5BFF547852F
433DDFFE2044B636,47C862EFFFD62085
E3B6097CC25AA69E,DB179A8EDB8D43F2
53E8CB4F48BFE623,C9A943CD366A1769
D125AE748725C6BC,CD9DF646977DACD7
92B35082E0B42F66,771DD26343414AA0
2AD93716F184EDA4,EF6894DFD91DE23D
BA291848A0815CA9,3095B0C5EB2CFFEC
7FDFADE676AA3CB0,F1D0549BA93424E7
59E727A1C9D3E31A,D13A0E3C40852A22
77E2DD177910E1CF,C8877830539DB973
E81B7D2A3DAB2D81,1B50D12638E95382
7A86743F475D9E09,A566E488BA0A0A4C
AC3A74E8384A9919,3C0A5394C4294EFD
186D5CB5E7B0FF7B,7E1C1B2FCF372776
7C0A893088881D57,AB946B7DDFEE8833
E625BEABBAFFDAB9,5505579F3F8D58CB
BE31FD6CE464AC59,91F94D2287684BDB
F25DF915FA38C5F3,6A021CF02A47AF78
ACCFB4ACF53551B0,22C43B6780E8FE5B
01B8247A7A8B9AD1,ABE4F4FD4329B037
C197616D221FF4A4,ED93DAC36CA89AF2
C59F528E9AB9F339,3E2C7717C449F4CB
991251AFC3981F84,43DDCE9C73E22D9D
D220BDD222AC4A1E,642F37FB2C12C776
440AF51A3462B86F,CB63763717A253D9
DC8C5D7CFEAB8394,DAEE7376A96B4F31
2E2EBA0EE7CED0E0,3DBB16B468DC3E18
2E0DC353342C4A6D,93B9F446C9E48692
6726BDCCC1932F0E,C4EACCE45DBAA313
1017582BCD3832DC,4EB3ECD73955E6CC
75C55983C2C39DAA,74B753151F422F57
9E3B3E6D66F6E22F,24C72D5D30336473
D2D57F1D764117B1,5E9AD12CB585F23D
B6E6FBA95C7324AC,9A347B86DBED8192
464D8E1427156FE4,23AD9DB85DF0B50D
16350528F93024B3,513390158FC17713
ADBE4809F19F927A,F0BD1DDC919E4BA7
8EEDA153AD141BA4,D0F4606D5A7F6B9A
88CBB5CEB96B7BD2,6C59944A0530A574
CF708001E1E536DD,AA18C87A1A6C1FAE
530944F6F4B8A214,E6046EB2291D084D
BC8DBDCA2436F7E8,DBB89442BDC45F07
EA02E132F5C68722,EA44C65D5434D223
195AEEB13CEFE2EE,B95DDD9ED08D971C
44A8FCB8ED227738,E8E46B75F88C4ACC
2274BC1C4885E333,8EB57098C563AB39
6EA47DAE7FAD0EED,4FF5AF70CF79B316
C4EA073D86FB29B0,D8DCEA7B6A249141
AA74EC0CB0AAEA2C,87FB9C4434EDF1A5
97B0DB5B4AA74E77,1C53495E38DE08B7
1C6CD14A876FFE39,FD232B7DCAA5A304
3EB1FE9E8E908E15,37DE87D06B5C195D
8785E6E40C7A8818,A15EA13398B66F93
C35B5CDB2824CF69,C7411AA70F899F00
639431E895B9AA57,5F1B1AFB0CA1586A
E39B4FF4FDEBDE27,1BA17238F2579830
7C65DAC73C35C862,94F15E506D091111
7EE9F5D83DD4F90E,3F7B472B49D4D2AC
D8B9A8AC5608FF94,52A935C3774D2C0B
AF8A94EDE7712BEF,C63C967EC1D348E4
2622E35B77D3ACA2,BCF9CFE51F223AF8
F6DF6E90DE7DF90F,6C7C4EFD3F245591
93D9BD300D7789E5,616B09EEEFED8FAF
37181417CE7C8900,4E682F2B3EA9361F
052837721A854EC7,86838FAA1E8A1038
6A071245EB0D1882,F0ED372419FE0E70
2F8AF0E82773A171,B17DC325CCB9F8CE
9D3AF56E94C9AE98,D5381DFC7ACB5A30
7912F7FC4F6264B6,87BE50F80F3FCEAB
3C06B5C839B38F7B,4140085B99B17F97
65F0C5AE05943EC7,8E93627D38C90C19
34318593248C8FB2,24EE3332DFDF21FE
82FDE6A57EE4EE44,ACDE87C3A0618AF7
81A15811460FAB3A,4DF8E7F8D8FB143A
1BBE0523B8DB9A21,0F4C16D9EAAF22F9
ACE699C71AB9DEB5,C39EE54ACC066848
1821D91AD4B56108,AF76DC34F0718838
D40148F22E81A1D9,64A9C45E797F804E
146DF9EC4C4B9FD4,F2C5E5F021DB1E93
659427E0EF36BCDE,7B5530AB21BFC748
7D7A2E43E74E2EB8,E10AFFAFED85BE48
2BC338A7B21F4608,ED9E2F10D8093C4B
91C8E617F64188AC,906F86AA0011D5F8
64473AEFDCF47DCA,8CA9CB0F4A5018B4
AA0A52D24FB98293,6626CA37A88F93B9
B252BC036B525623,C61A3EA05D996D93
8B32ACE6326A7546,88F676C35100CFCA
2E0E1C2B4F6CB339,DD3EBE641B253A60
FBFC01CCFB35D99E,44FBC864916E75D4
94495889E22C6479,57605ED0D405D759
6D9F5FAA7488BA46,9B9082138A642C14
B0760331C7AA4155,986C539B536E0ED2
305C8DCD79DA8B0F,6DC4D8B66C3E0EA0
CBBDE6D335D6D496,C3AFE2B8AF48FCC8
3DDA37128DD1ACA8,BA817770948E3E78
433083750C5E064A,1A1227D4CEE3DA07
0B919E1FB47CC4E0,51DFBD0C8F08B01C
0218BA067D249DEA,8A11116E71D68687
F99F62004024D506,50C48398530754F8
CD536C4D33DCC900,BE8D6442209B4BDD
1098355A16064BB3,0B567AA96312A58C
BF286C554784F3DF,4667D737506FA411
4E404A9361F75BB2,908A86F0761483FA
B938B7E6D3C0620C,70B32E52933EF2FB
B51B9AB9EF81868C,F8B82D90D38269BC
80C527893080CCF3,53DE9210BC084E9F
23227DF0B2115469,13BE4EB24A70451F
A200EB1EE790F448,684B55BC7BEF0475
621873ECE1178967,B4FD317C5D645749
075F1D57402C93BA,420B496D49AF95B0
29B487C359E19889,873EC65453DE323F
14FC5833464340A8,A9105DE2F9AC7705
D1B0F412F109EA5D,AB0596591A2DEF66
B51194800B257161,4EE8324979A597B2
0FB82563989CF4FB,97862ED5AE1B8593
FCD5C8E06E502F5A,D5504E3827DE12F9
46399A7895957C0E,F5A3E4A97D6F6DD4
1654F24A88A8E3FE,F5750F4BE463C4A9
DADFADA5A20143A8,D8BF75DDE51AF918
30B4FA1C82DD4B9F,EF13346F42FA56B2
05A42BA9FC8DA96B,006C21F24C520D6E
8D9DF6ECA8768583,FABAA0305A651C20
DF7E3EEB29642C38,B0E3D695A2277296
781B3D62BB013EF5,77CF3E92F49E693E
11DB3500F042A8AA,73E3E38B4B4C9610
45F6D8EEF34ABEF1,EBF08082D648C482
7D5DABE888D2D074,78AC08919151D27D
C23DE0E91C30B58C,FA3CD2A976F07F94
228D3D94F8A11C3C,7F16E6FC0336C986
2432784ACA090DA4,702696330F8E5676
784BA7E0ECEB4178,B40BF1E5B5AFAF2C
B094BC1DB4018240,65A06F27C41E6D59
7679CC1BCEBE3D4C,FE78707C87D69372
6FDDF453C0C756EC,068B689C2D0BFA82
078EBE9809CCD637,55A70F08F08A3A71
64F62AFB081E260D,0456854479F13C29
AA51DB313C010A7E,8E2E721D21D4A751
625B774D75C87068,8473A1F68B5B0B4C
0A50A1EEDAD01E65,CE1DD60A1DF5A973
DA95EA3317CC5064,1B921275475F821D
5BC448CB78FA3E88,3C3DD4D53CF82FCD
0E46A3FCBDE2A1B1,ED103B8F7F8FFD20
5C3D0A935F535C4C,51AB337672378CD6
E465D4AB7CA6AE72,16020875C2E3C69F
25129531F77B9ED3,E832E9D52B06C404
8BDC7BFC57A81E76,F3E259C0E75D235A
1AE42C1660FD6517,48558536A19BA88A
4487C259F0F70977,3778FB1E5EA800F9
FF071FB798B803B0,8A60906D0693350F
ED3C76ADFA6D07C4,E42F1250E0DFCBB7
126EF75F1E17ABE5,3121C04DAAA58886
02B15662D7F8886F,7A4185C9A76C12B2
C449EDED9D73009C,9065E9E298F1BC11
E7CF3C4F9F489F0C,83E7671FB1B0EA3F
B69317BF5E782347,13F856602366FE17
31B73D1EA9F01DA2,961F6202C2192265
AD15F075A4DA0FDE,BD99B1A905B5473C
845FFC3A4FEEFA3E,38684A9B76A50D6A
A151A7394A214E65,1275587246A96F24
C6033D32241F6FB5,22F92F5B8350C9B1
5891CAC5D4ACFF74,284BE2EA89FED4E1
9FF447B6B6AD960A,871872B056B950EB
9B128DC36C1E04CF,4EAA932BAAB38AF6
20CE80B0C2BF4ACC,733CCC70A38EA8EC
FD4CCDBCC59941B7,CDDAB3241735D813
F9800AA1A771B000,B30D2DEA3AE60A3B
D71649DB0A545AA3,836F48E8C4A773BF
9870ACFB89A90995,A3EE9E61D762C09A
2975C866E6713290,E5B011B4A813BDC4
2DDFF3FB9075D747,55F855356D92E38F
7F93691AB4B92272,7337EEABC2904130
C5042CC6F5E3D450,CC7E6EA219FD8BAC
A3BB2E9555C05A8F,8AE96123FEE66A18
2F09F7976C512404,80F28BAD1826C85F
DF0D54BE7A776737,6DA4474B7AD4DD92
A9A41C1E940FB0E8,DBF5BCD703020A83
C6F580E4C94926AC,55990FEFA064FC71
0EAEB0DB4B132399,A66693527106D3DF
841142A1376E9006,B2A402D1CC70DD0F
1E7889778264843A,B71414EE828DB2E4
595583281858626E,188CBF668898CFC7
A9D1795CD5043663,022439E5AA6F1B87
F28965D04F570DCA,EE90D1369E1800A2
D39D13C9FEBF0511,9DB527289091237A
261CCE7EED010641,8BAFB6B897BD2A31
AABB1F56E2A17CED,1F2C4D3A741ED5AD
77B612531280010D,3840DB3ECC7D0818
5B84D09CEC5209C5,98501142AE80A99C
BFD8727AEA3CCEBA,FD866EC0672D68D5
02EC0AF5C5A49B7A,BEFF25A5E38D38C3
4F8A26A890FD62FB,A1108F381688010B
E1615EC03B3BB4FD,A65C4F563B7CF68E
DD19FA1C6D657305,F22CC2CA28E44D4F
2CA429C029CCF247,0EFDA7B3FFAA82B3
AF348AFCB575A441,B2A9D75BBC6A614B
399685DB942336BC,F61F1F4A0D94EDED
405DC2AEF6AF95B9,BF23B723720BC1A6
B56BBBCC2955D9CB,E807694ABD40478F
0546524ADE2E9723,E13F3E0ED3407B90
E40C1C56DF95C2E8,F2CEEA627AD5A24B
8093F23ABACCC7D4,199F05544A69FB20
4C6A6451C79E4662,30700B4AA35835FD
B2CBCD0930DFB420,4C6F400CF30C1680
2E05208086BA0651,36C2CA307C00F187
34F060F4BF92E018,9469E3DA4B5A7A39
A97F257D0151A6AB,89162DC1A9F25845
EE01041D559983EA,494E8A58F41F5F54
D3DBCE61A490BE02,EDC0317C5B604BB1
40C8656EDAEDD569,80C744B6449E4AEB
C0741A26499654CD,1F2ACFAC81F93E2B
5B50ABB1FE3746F4,4D06F23E397097AE
4A4722448F18EEF5,BE0E1FA08021D61B
87D51D72255D4E78,32781653075794DC
8517D4A6CA8513ED,7F242B062024F1F2
F8155A7F03DDFC8E,51B4DA0915C08A6F
C7272775B4DC786E,903CBC9D71D2160E
DFD5033FDBA0A9C8,C51EC1626E7099CA
95EB9964FF5C5C65,C6FB16A6BCF56FEE
90D2156198831D69,35E41B8570BB9549
B33E291AFA6BD03A,6C4C1F2A776606FB
697157CED63F18D4,D193745144D2934C
AE99FB955581844A,451AB475C3CD97F2
CDE5E70C1DDB954C,3B66C3A0C8E439B7
BFDF984E2C22B94F,A4D8C1146083E26D
51BB2D88D31A914B,63A152463BA5D8EC
192547247864DFDD,0D8475829632C03A
8ABA6AF54B942B95,84AD61D029E3B23C
BB03C38DD3FB7FFD,5B1CC5FA6ED00371
DD9B9B385AAC7F5B,BA7E979B202649F9
DE7465A27D403C06,CAE2D0DD92A9241E
69DEA3E9DB727B4C,CD3872DF8178C437
0A436B8643716D14,A0E8779046AF59B1
1E34710ECD4AB0EB,E907BE2B8D7631B3
BAC038F7459AE5AE,0D9118860A976DFD
7D304C1C955E3E12,864557F89941B870
53AF99BAA671CA47,ACBF3CDEE04E0AEC
560A43136EB58105,F1A4298C3391F2DD
FD280B4D7F3ABC4D,85054E7BF685BC15
C61B86C9F61EB404,0513A10C6415B57C
8A876A65283DD7D7,F153D8DD47F1DEBD
632106CC96E82E91,1567C6DF07BA7B08
212A8D0D2BABFAC2,A08B79ACC38AAA7A
F4C8CF9E353AFECA,379DF424356C33E5
E32EFE9AB4A9AA0C,47554D1FFAB68B45
58A850EAEE20FAA3,76A57C4C92ACF2A8
A0D3D71EA1086C55,2095EF3EA22BA3DF
95A88F0B409CDA47,FA4E6005E549B59C
BF1A602B5BA52FEE,6F21DC8C6FD88FCF
2A56C06EBEF2B0D9,F81CBD28BD382566
73518ECE2485412B,086D6A5A13971863
C396F5B86FF9FEBD,6821684DCC498EA1
79D3B596FE44EE8B,4544B07E5BF6339C
31B927BBC44156CD,764D10CFB2EDD065
77B21BE7AC540F07,79C3AEC4C7C91A54
DC2C5C242AAC342B,63EC3B3BCF4B0D48
758F49C24925568A,20134BB1D330FA8F
7AD9E6CE657D69E3,E798A823945FC1EE
34E710FF01247C5A,C55DA02D18D77322
394B9CD12435C981,1C6FA6A93BF99EA4
F46CDC33180FDA94,BD366067DA5DC0DE
0DB57B41EC1DB083,0F2D318764C61F56
9541D3CF0D398F36,B04D76ED3835CFA3
33E179436C0B31DB,3C11038EDEC5E20E
D966D51AA5B28BB9,2DA7EDA3305A5996
3A815DB3EA088722,FEC8B0A512DAD49D
70DB57649FA8D0D8,AFB5FBF26893A713
150E808B375A385A,91D57FB32DCF8FCF
61B6775E83C0DB6F,701F3D7B93A13EA2
1EE7063B80FFC77C,E99504CC51D09E54
2FA133A4A9D37ED8,B57B6688CB06F008
BA01E7B6DEEFBBC9,D5969825AE0DC560
9088EB5A43FFB0A1,CF882B151A34557C
0CDDA42F9E360CA6,FC234AFD088A85AB
E163A4BCE4DE6F11,E58535D63CA64820
79F020FF9EDC0748,1B0723EFE914C031
38FE1EC73743793C,80F5692905AB0149
FE3F9C29F7B32BD5,7FA7EB6FAB2D276F
3E933CFF7B111C22,8B508186238D2BEF
69F5C3BD0F3EBD89,E4E378D0EAE3FA32
E12ABE5E3A389A6C,4901776E8778845E
A80AE305E0A3044F,1D43372AC14C8C87
92BAC8ACF88CEC26,0DF1FA6C09C3E674
D9175F941610DB54,A1916C23737EC7FF
F9034C136C9E00D3,E0FA63A00F898A62
02C8E5B49848664E,C1085DC8A8C1737B
D37401D78A929A49,7D394B326546E281
0D40EE2A7F2B2D6D,3A3136E2BFDF1609
54C7C4A94367717E,4C9F834EDF566D4A
DED51F703D0FA83D,149D9B4375AB4239
E3433EADAAF7EE40,FAF9E5F77F1A8F7D
D1F8363DFAD03848,5CB56864CBD74649
5D7B620DAE436138,C1A425C6F3193A36
C92717EF615B6704,FD11888B7E4927D4
F8BDBF3D573049A1,811451B8BA61B007
513403FB9C56211F,75AE23FD9355C8A0
5407B7288D0478B7,A937637D5E35176E
5443438F033E29C3,EA8F343F4C9D2883
0943E5B8E078E76E,7EDC239EB46006D5
76A18844E743BF91,19DBE2713450D968
F7D82B0D66777611,B2983177C3DDC168
C27009422FCCA88D,B4D939A0198820EF
DA488F299A5B164E,5FCF063A203DAE86
8B0FACEFC36C824B,CD9A33FC14D7CC48
B215AAC32D25D019,3FCA3350E87E4DB8
0D0A9F0E7BD91E3C,5F80FF59AFD5E62D
91B87C55093DE351,BF892E860FFE77C6
36E353271F0E90EE,13A4C28F44262AD2
AAD68E1AB39DA632,2991F881A49C91B1
29A28F3F8CF6D854,70593F5B4BDBCBCD
6671F3EEC681BDA1,6D2DD90EB5862871
46A6CC01E0826106,670A22CC926FF03C
F73EB622C4F1689B,7A0F33AA19956CEB
ACFB2463CC22BED2,74891A80460EA768
5AAB586FFEC0FD96,AA87C426DC96454A
F79F9DEF0AADE61A,E5E2E9A5C005A8E9
66680A92700F43DF,2D0F2BF9BAF6A1AD
39D55A620FCB6A3A,145AB994058F1720
2B16A3BFF1FBCE49,57E768AC24E0E82E
B7952076E444979D,03178B32FA4F2AC2
A9F9C2E0FDE11CBB,637C66DB5E571C4D
9BDF59818B1E38C1,44C4C2E7417F5E29
6CEBE002E58DEE97,BCEF29BBAC16D038
96E2929292A4DB77,5BBDCA451CB08E45
341DE7ED1D2A1BFD,01758128AAB0BA8F
1E77FA7A62EE6C4C,374867C10614D333
F033419D1B81FAE8,281588E106E4EDA3
F3FBE2D50A6A8C28,E619DE4F72F76E79
6D793F03A631FE56,4ECDF1AC3EC9ADF1
8BC52CDFCD2A4534,71794FDA9361403E
DE44A00999B2837D,9404A07A08FA1D0F
EB0A2B758F7B850F,FE9B2B065B8931FE
74C0E2A57EC66760,3BA50B117757EA3E
249E310B2D920699,DF9AB3C346705246
19F2A026EDF0013F,04E5165F663D7983
96695E368AD855F3,886ED6CA3B972F3B
C5868A966E5BE3AE,46B0B3A4244F35CA
4202BBCB8684563D,A0BD77D0A97C70E0
1374ABB7C15BAB92,820D4C0D8BFBB91C
14F19A8782C8071E,795A49E70BD3B699
58E2E0F23F6B76C3,2D64BC4D301915C2
FA4EFC79F69D4F07,3C20070426E380C1
EBD76F2359F190AC,30B0040AB4AF815E
F107E836A70DCE05,80B248E2554D9583
AF12610C644A35C9,87D30E8961D60915
00A1CADD00108836,950D9BA67C3302DA
14832BF2ABA53FC5,16798E70F6DC79A4
C79AE21974B01FB2,EB9046E5F59B1DB8
932C2D096A2C3FFF,1F9A96198946E6F0
8507BCB710FA6DC0,077B4D0A7F830A6F
8E06A6FE76C9EFF4,8D8037621076DC86
E361C5C71C431A4F,BC4B0376D5E2BD1A
51BC1ED3CC44E8F7,4EA6290996DE4EDC
D0837058AE2E4BEE,587426517A26C00B
EF662D8D57E290B1,25B325CC908EE6A5
6F259F82D873B8B8,6F75D3BB2E4578CE
B138AAB8A70D3C69,3DF34AABABC07A1C
AE2206545888AE49,968102705396C4F1
0BCA1D2C47B0D269,81E9B27A86C752C9
1B1AB132A16FDA55,7C7B4B110CA2BFFC
E0E500246FF73D66,A74E2F732B02CE87
69FE6DC87BD2A5E9,D758DE4966B8B70C
A23E821FBDF8A5F2,8890DA2FBFFABD33
93C8B64DEB84728C,EC2C573507E00881
16FFE42AB2D2DC59,8A3B6FD2C690C3CA
D75960F6BD9EA49C,68347C9EBA384C80
FF059E1E4C01E63C,017139B13A2573C8
EBA5AD3A0EAF7121,C38B8359D17794CF
B980061DA992779D,554AD8AE4683BF3B
D642319C54AADEB6,1206F00794A7055F
5B1F2E327B6B6FE1,89C6CFA39F6774B4
2B626A0150E4D449,CE86A17A749BBDBF
DC9274A7EF6B2867,CE5D3A25F4C496EE
8098C8D6597AAE18,C700800DCB05BD7E
B335F761606DB47C,18CE049BD4711A52
247F0F73A182EA0B,92F2FDB7CAFB0FD0
155467ACA0F55705,CA924A882B048BE4
754615490A029508,DC949C4A3FD76A44
C45CCDAAC9221CA8,B0307F369363B547
5096FD9CCB49056D,D24E3E0C2BE88D1F
643ED62D5EA3BEBD,BD9F36815B9331DB
3D42B92563939375,1780951D345B980F
BC5115A5A939DD15,4296541F2A4F9BF5
6170941419D7D8EC,9973C6A10108E1CC
34E82F05DF2974F5,09A7440D17F223C3
2D05CED3A38D0F3A,8BE0C51D3486F755
E2C9439ED45DEA60,200BB4DD7C4DB741
164ECBB3CF750CB0,60C60FC4CCF9DF77
B25DC90BAD56CA42,AEBEF7AEA5E74A38
B3CD58CCA6CDA852,CC406BD28B98B303
1A992DA297A4630C,B3CE8D9AA3CF7110
F5A2C681787E579D,0C456F50E9145299
6DD8F5AA635EB4B2,3B89B4AD3274A55C
8DB8CFFD58B62552,16EB94D2E38AD136
5B73C77D9EB66E24,B6C1B9E2FFDAEEDF
DB88A37483346780,7E12948ACF187619
521FB041D93DD0E4,9681B7444691EB29
9040DFB09BE75706,5F1D2FA6FBF403D1
A50ABC31E3CDFAFF,403A87C18C91C19E
2EAC52B4019E2782,1C8EA7DABB529A31
FCF37A457CB96DC0,3E09537707C40210
873FA65C778AD970,775EE0EF25FF3461
7F2F4F13AC5257EF,9DA00280321C87D0
38C16A305E8CDC8D,6421AF3DB6AF9597
A0CEFCEA390AAB9B,E4675F8FD44CF622
FC1E275A90D39995,CAE2ED65934CDBBA
BAABBB23EB6E484E,AD2289EA9C4D4F11
07F1BE2BCCAA27A7,723B88C26632AA38
6D6840CEE8845831,4CB6F58014173870
2170813D3DD8661B,293EFD9177EC62E3
2982BF73F66E9DDC,EAB4ED37EBFA63CF
F7B38B8305F1FE8B,774561E80A3178A4
2B4A15E44DE0F478,DA1F0FCE18FED8C1
B15162CB5826E9E8,790D618D34F7307C
82E7FFCD5B2326B3,F864A45AA21611D8
295D82A8559F9150,77FAF4469F9B5ED6
2C933ABF17A1DF41,81498BC667997F2F
D716F30D8C8980E2,CE76368F9C118E01
0368B3A838070348,F94D55021DC59203
27561561732A7842,1AAA5445D3C56366
8F7156A3142A6BAD,1887979EFA1D3BF6
5D6160275CAEC8DD,6F6F7115068877E4
5FAF9754E789FB47,ED24814ADAB539B1
A6E7F1CEB523E171,1A46D74ECB10E7F8
4700A416E8324EF3,7D879BBAB047C05F
D1C55B110E4DF534,AE57E698E5255D74
0D53A3B8DA0809D2,4A95E0F654DD603E
0E7E72961BA18619,2286C0F02D4FC21C
88C6814073DD4A73,4D2B6680250EFCC8
ED51733DC73AED51,F1E9457D924C3281
9F7BBA2EA6372500,183A27B2BAE59089
1DD5897E2FA6E7C9,9CE7E15C76541BC0
AB58C27C2E6123C6,4FC4B4B6AA7B8FEB
89215EC747DF244A,7B679A34CBECDEE2
62CA17B74C435651,C5A8254991E59BD8
89D630CF5EA96D23,A8367F71564DC09F
6A98C2ECF57FA5D4,6980F6E4D4AC14F7
891804727E0A98B7,902811AB4D3F0E4F
78015C9B4B3ECC9D,88E684C517DDFD83
D9EFB6DBF7DAAEA3,FC3D64AC1D955520
3F6167F351168730,7E8029344EE9DC34
4448EB75B4904BDB,EC173D75B3C8E9EC
EE08C992D238C5D1,D89D6925FE9F861C
D86D101FCFD00A4B,029675CF3DE15692
08C2D6C52A3104BB,70B374FDD9EBC3B8
5B48A06DD0E792A5,EE4ECD71860C0F1B
9689123E3F213AA5,8062E43B81472915
74DE2E8739086740,99A8BD51FA9613BC
26695EC767728D84,36E99F43D00365FE
CD9CC7E200A52A6F,84EEE2C0E652D707
386F6CE5BAF6091C,278BD89624D37226
5927F96A78577363,83E421E5A4A2A512
93AE6A61BE015BF1,D39FDEA586C82548
3C7D42D58F770B54,C08E749A208F1CB3
295E3CCEC879CCD7,6F51EE60F217DC8E
5746F3A7AB7FE544,730551DCA699D643
9438F7AD68771A20,2978CEBD6EE3E821
CD8A7537A9B52F06,A7E55BCB7431698B
D76632D99E4966C8,EB3F4ADC1A80B5E9
2BBA30B854534A0C,8B71145D9B8A20AA
78C0D93253149435,19B51B1E0B878852
0E48D1C262390950,DC2AF9AB32FB87A8
AEA8FD591FAD4106,BD74B9C9BB5E1622
A61B4DF533DCB56E,C18B7B2430ACA41E
A549C3B37EA28131,2C7A52191F8DFF00
BC9490CA15AEA8FB,60B6E503C771D350
CA7DC8329F0A1E9E,7BFD277DA739DB2B
8BB4EF4214E0E6D5,64093E028DB051CB
866A4A5FAE349510,1BECDB6869A407B9
9E8C908F41584ECD,FEC4BF4E27AF2652
8A7391690F5AFD81,E34405F82AAC89BC
7C6B0C22F9F40BBE,A13444986DC34E90
90370EBE0FEE1A3D,ECFB0C5E2DC55F26
2A7819605465FBCE,AFAEFCA67BF09E72
9F3480FE65DB31B5,4B75B1FF20EA3A22
E054346CA3A0F315,731992816BA6C01E
D2A71E1A77418A49,5590FBCD51709DFE
318234F4F3738AF3,472AC3055A188881
8EB2F69076AF7053,4F43E4CBAEE198B7
E184F4F0DC5910E7,2614BD180D42D9AF
B57D8DD645CFA2CF,601B0DFD9B0102A6
3311E47B91EDCBBC,F8CB06E00EDBA43B
816F6981C60BF53B,1EADA8BA12D47EAB
EF0D582CBF2D9B0F,6C8A8DADCB013067
B302244A1839BDAD,6EE2AE2D8DD2827E
C694D74949CAFD0C,823A242AE0E78CEF
4102C7858CFEE4E4,D36B81D2E601144E
67EEDEA1B9BAFD94,A2A7DE2914591E35
AD6DACA4BA53E0A4,70729B766882A4DF
F7F203E31F96F6A1,BB1652A1D9D499DE
0BDDB8D9EC6BCF3C,95C1F609605A12FF
813A0A7C9D2E831F,8070052C0707D4F6
2F8B4D1C595B11DB,2F9A44C36266ADC7
B9D0DD990DC141DD,8EB7D0F716229BFB
7285951DBF6B5A51,46C952E7556557FA
6CD5A433374D4CFB,CA70422943A4EC8D
F297383AA91DCA29,05FF4D131FAE1483
E4723DB6E736CCFF,B263F75DA9A6E89D
10AB107B887214D8,41ECB80EC1B45893
7AA80209BDA643EB,0AA1D616883C0FC5
0FA6E4B75F302400,C24DBD6705C8F67E
3B6405E8AB34A907,ACF48634C49FCE07
2DB492222FB21E26,2802DE2B1DABE4B3
70793BDCA1E854D4,064DCAED924C10B6
5F0C4B5B1C393BE2,498BA68C5EC86A24
45BBCBA77C29A841,2B28BAEB9F9FF900
CD5003B097200F36,4A94160BCA2AA1B0
FBA08C503DD5FA58,3A63BEB7A1E25FB1
80EC48E6679313F9,21C88062F3ECEF83
BE339365C863BD36,214E857DC196E5F9
D6A86331A537A7B9,28E91B800C85243D
6E31B91145873922,1C277775F2803AE9
8EF07E15701D61ED,6DA51A6C96AD7E4A
4669B3ED80F24B4E,A4A022C8F062BB1D
9134873537FA419C,6A86865E010A134F
A1CADDCD98415A41,4125EF80FB471BDD
0759591819534F7B,D9F4B63D8750476C
46F2193B3AD1D891,32ACAD4C598AE7FC
E03B3F2D3DC59B64,BF779C7C48AED2CE
304AE42E357B8C7E,573C7DCF0ED57602
9B53BB6E8943AF53,2AA99ECF9FBD1E5D
08DA95E8298AE772,41D7811563AAD1B1
74CD9A9327A282EA,5FD2A95A2EF3EE7B
9D74AE343DB65533,6DD7E97514747039
0355EF116C4C97B2,1141BA8DE722BBFB
FF1B8B4AA1C25DC8,D0AC51DF5D1C2659
279D50DE5652D935,058C28579D81FB08
7D80FD645D4DA346,9C6D92A07D6159B7
2DACD605FC681475,0829510481BBFC01
950A154B8DAB6185,254CD34043BCDA6F
029FE7CD1B7E2E75,D8C5970C104EE9F9
8B2FD4560E55DD2D,8EBD542C90FF0C85
92D6A88E64A94430,6BED7510491CAF98
4AACB96203D11A31,884D6C481876A0F1
BDA07E5950085E46,F1C01CFF96F363D4
9B12F9A24FABEDB0,E4A6748E7882C71D
1E982AC8716912C5,7B909A35D7290F2B
447C1E9EF844BC0F,C27B75C8D0D50C8B
FEFCF11B01287125,605FFD8506384662
A9B61A329BFDCBEA,2A239992287F3DF9
A36BFB5EE89F3D82,6C02633F946DBCB6
8EDF950167586B7C,7EF4DDED446C3ABC
23083260DEC3A551,9A0EC5DB2A338EC8
B043ECA801B8CBC1,329F8255315B16D5
AF8A443CCC8018DC,65664FBD953871D5
112942C6E708F70B,902B17700357F3C1
33A8F7F7D5F7F33C,91B8E16D0EB126A5
BDA5DF49D080FE4E,486135364ADC7F93
E4B90F367BD81752,DF70785EF230F74E
AE306F2A904BF86E,64B711F5179A0CEC
F0B67A4DE6AB5F98,13520157939D4329
7F08E26039C7347C,1CEC5D2C507199F5
ED7F7EFE9FABF340,83B972AB639B4420
5CD3CB88A7F8850D,24FAD4EF67DE59EB
C3287EE3050FB74C,D17465D40BEBC86E
A11700682F3AD45C,7404749A8C3BD799
CE4E5D9B0A4FF560,F7E5756D14B1844D
01F73A131C18CD94,88718F88EB6B8FD5
C5BC038960E9DB27,41BE3F722FC386CD
3658E8CD94FC121A,5478C744B6AAC199
D27058A1CA2B13EE,95090C59AADEBECF
906B778CA1DC72B6,4D9115464D37FCEB
C27E1CC2D795105E,85D9696FF3E31D8A
357BF1136612718A,8D5B2CAB16E07F01
83BCCE3224735F05,F22DAFCF97993B9A
4DFDD9EB705F8140,3601BCA33ECA8B49
9AB9C1CFC8862DFB,9C02B660CDCF1292
9FEDF86898F100E9,F3EB9A843D0AFBBC
D53ACDBEF24A46E8,21A209761841277F
45E816772E93A9DB,CBE767DE3A8F805F
04F8FC8FCF58F88D,8402ED2BE630F8B6
F3AC26D3CC576528,4CBE04CA930284D5
0A6DB4965674D243,E5113E3AD074FF61
48621C9FCA3EBD28,EBDFE18B261316C1
81CBAE94390F9F89,C7EF1AC7845F532D
C7EF1BA83230BA07,C6E0F466730B731B
AC678E40BE7C74D2,68C3D9A4D2B4D08D
EB9DC3C7D8596C46,ED4E91A1FC7ABBF6
94D94BF1A75AED3D,C11F9242D7BDABF9
3D3D15AF7BCAAF83,DC1ACDE6E645E5EF
A905192A6781C41B,E6611BC25F4D0CB3
01A898D26E2333DD,297D19A25D01587C
DE2EF5DA284CC8DF,4A70C67E8FD1FB85
CE58B1CFB9290813,2542B03313A1A1E5
19531C47A2ABD691,794B41873ABF6033
FB8794444A7D60FB,2FD44C03FD3FFB0A
F5134943EA29868C,F0BCF093FA825DD6
9824CFF8FC66E159,E4A44F2D00EC6F08
41FAA8FB2ECE8720,70BD0C4D306B4544
A9575F812C6A7997,2A028CECB5C52BB2
34C9EE5986258415,B9CAD409CA056D50
74E20C9145FB66FD,2FA81C60CF2A8DC4
A09F896CE912481F,7346ED3FBAB95B50
D7AE6C9C9C6AC54C,FB03099134FEF45C
B1D2BB1E1631F5B1,78309CE3B999A279
BED9F5693F34ED17,F0C42619E4568EBE
6325D1A044AE510D,3BBFB91FC84F6C2A
439E9BC95B7E7FBE,3287C8255BCD5846
6E8834B52EC20C77,58DF9C9B7E628ADD
8DE69FE35CA09A45,EB394039A41B68FE
51455483CF23ED97,5E3585E4AFD19C6F
876046A8E3A4B71C,8DE28588CE3990E2
DAD37F45428801AE,9B8D025C6C2200C5
DCCFD3F106C36AB4,C94CED3B37BC6B1E
7504C0F113AB50FC,911B702AFAD692AA
598803E85E8448D9,502E71B1C8F70479
A2297E18F3E71C2E,813E6E9F3A82143F
B2D0BDE54F0E8E5A,0BFA0C1103173C87
97FF36A1D40EA00A,066FC15C60D0E579
5D5479D115290C3F,428E53309485BE70
8FA9C42FC5D7C64B,B4632FAC2A0DD490
E266ED23311F24D4,ABE35643ECAF1CBD
19BFED045C647C49,DA36268848D37664
17DF68D720AA77F8,1B696F6F424F184F
921CE12C489C4C41,32E225D6BB070AFA
717E4D1F2048376D,0F8BF24FC23AD672
30ED88D5E0C56A37,9AC63BDB9DDAB5FD
D01015C7316AE176,9D6719338AAFFE00
2D537BA194896636,C77621DA349D52A6
21C235BC64831E5A,2D03FF047BE9813C
E95B0C7D5BA3B96B,E2145C68E17733E5
ECB2FC7235A7D137,753505F4EAD53B36
F4080490ADC51C6F,28CF45BC0F98DE7C
F56DFB7B61BE7276,C17E71BC1629DDDF
7F8F6405F4777AF6,B021B000E378B72D
13337B38DB572509,E7F34EDB631EC2D3
54F157E0336A3822,6D4CA05FBF4554E4
B4F47213DF45A64C,9982FE3B4C236AFB
B0A6CFD2C69C1088,FF15DAFB540CAC53
D5BB4025AE449A4E,3AB1EF8B99970B6D
28A04B411933F8A6,ED57EB73724BA9AB
E37F721824571784,6E4E37932EE272C4
F7DDEBEC43483C43,BF5C5F5AE019E25E
84D32B3BEC531324,199AF8DA5732869E
FF300C7649724A0B,7CAF83C1CEFBCF89
863B23EFDE9C5DF2,BB6CECEE064309F6
736A718577F39C7D,62C1E89BAB0A90DB
5B76B14AE875C795,1993C816F91DE0CB
63C6CCA8E68AE8C8,12CE1CDBAD8161A5
AA0BC91BE0B796E3,05524C2A43660E7F
16469284DB8C62B5,F706462DA6137097
FAFC23AEE23868DB,218EFF05BEB64B10
972BC203BBC4C4D5,5196D2A581169EA1
1950DAE9848A4739,D813CC47F64D347C
D24D37CC275948CC,3F5EA4DC99C798CC
697F508861875B42,F565EEB8725037F3
A17784FCA9548D15,F3C80B2E954772A7
DCD4EC3F419D02FA,BE979A383F439BD0
5234F9F10919EABA,3E8724B048C8403E
5B4E4C817FCC2DFB,2EBAAC7478326ECC
13127EC3665E8EE1,778AD4620A6469FB
C3330A45CCCDB26A,004B4DE459D9277C
4D41783FB745E42E,7508AE96782B0441
E2892E7E55D7073A,9113A3C615625C95
46F8696933A63C9B,E3362FD369CEE0FC
CE6294A232D03786,571632CCE26C19A6
407DC5E97DB1A4D3,FED8430C207866D5
BFE5756E7407064A,91F06D934631F28B
AA0008F3BBB8F416,2409E8C654B3CB46
FF0B610F6BE0D7AF,9DA3CC3D2D3B3C2B
27E32866E9A5C416,96BAB7B7F43C0906
9AC92EED5E4793AB,F2317BDAE5CFE9EC
70A382ADEC069DD3,4E55B9968F9B185A
58F735290861E6B4,F1057FBC3AF0C1D1
7148E0F43D11F0D9,5E966E6F3D296D4B
3C8938D7D872211E,9318BB548FEB68C5
A619B168B8A8570F,1817E299AF9979DE
01E2817A479A7F9B,30D4C42F75DEC781
3669F1B198DCAA4F,803158F310875408
D80958FC74E988A6,7D2B9E6A64637269
3FEF770D40960D5A,D6E677FAD7521410
9CD27B0045628463,DFB7BFA6482FEE1E
67C540AA08E4A6F5,9B0169E27978C1A2
8DFCED7A656F8802,66AE54CE92457FEE
8509B634FBE7DA11,DDEC6D09154BA73A
238FFE5C7B0498A6,4A5DC2FF6E0B609F
933D6A9EEC1BACD0,191DDA30577F440A
4F8644AF03D0E0D6,1146A9AE09CE2B14
5E9564D8246B909A,CAD1755E530A6012
39FF19C64EF7DA5B,D63E470D46B4F8A5
E0A7D1E497FFCD6F,87524F5C1E0857AB
A921AA820C25702F,234B68AC2E35ED5A
2C83A9DA6BFFC4F9,636F1F53CC61D2C9
11FF1C80276097ED,94F7E80BDFF33F26
B3271D7AB655B441,AC4FD27671081628
4851997F37FE9B3C,BAE77BA3A38F7944
BEDB96A7584AA8CF,0854A007D3887A73
10FAB35428CCC9D7,02BFF15CAA701972
80C75307B1C42837,ACDC64E5D157EC08
F4D8E7AC2A27758C,5002208C5710DBEB
5BC62EC1937B9E5B,10788D224B2A2D63
C4BB08EE7907471E,20CEBFA2EEC4CA42
BA52FF538ED2BC71,783924BA309D8E09
E80492A9AC099A93,C664C0067EEAB8D1
1D132D614DD86811,3D9BC07C93913E04
7239B21A38F536BA,419E13582192CFEA
84A2DD9AC37C35C1,ECEC7528A52B4EE8
9F47B058362C84B5,6471F4759775FCA4
1913FE4CBF41C463,7B28A83A0D3DD0F9
767FBC2AC802EF3D,D885BEFA31A18D47
17695002FD8B2AE0,4A7DEBF7B9F74D50
020E5F00CDA207BA,5E84945E26CAEF1F
AA5F02DB48D704B9,20D884FB6567BAD5
CE07B9F7817AADA3,6F2A6CFA4386AA2B
2D83BC011CA14A3C,BBB1E002003B2F1D
BF59707B3E5ED531,AAD93864EB031AB2
4D982ADB1978442D,2322DD4FBF5E4E2F
66E49BF55B4B1874,8EBCA434B6289ADC
B165AB7C248B2DC1,704A6AC8FE10B451
442E0A7EDE4A738A,471C98FD94C0A5FD
F1B760881820C952,0BABEFEA577FCFA4
B16FCE9DDC7BA182,8B6A925F148E0E94
202709F4C58A0424,AD97A7EDCF347FBB
FC04745FBE67C19A,9E75EF59FA74838C
6EB5F71AA68F2E8E,A7988ABD4140D469
7B5280EBA9840C72,3A2A8DAFDBEC4CFE
C63CD5D2920ACBE7,1896EC0B030A48A2
5F9532F3B5CC2551,E50EB54E0F21BED0
0A7B270912999B3C,EE1D92A39CF8E1E6
AD738C3085FE7E11,4985CD0720AFD468
ADF692B254977C0C,2FF622571073AA69
B8DFD30D6973E135,8CFC2F41A749E236
37039302F4E0A008,7C3E030BC3ED6671
48AF36444B965238,3640D836D145B814
0A24DA3A41B718F5,4A4799828818A508
10BDDBFC529428DD,0222F263F70347A8
5A859503B0C08678,E0A6F16F546C8274
B0034A223497FFCB,A300BD5F71A8C704
797AC7CB535BA28F,4E38E404B98F3D9A
5C544BC6C57AC575,07BE48DF95787FCB
AB935175B22E822B,8C6BE3ED9638F314
7D2708796355B20B,57FB3D94D590E8BC
9A73240B49945C76,666C16A4ED8F3098
C488FF2356EA7791,C82CD1DB42480082
629BFA74418D6239,795957CD3A0042C8
51210CED3DA1C78A,8954E9D0A9F6F8CF
DDE6DF5AE89981D2,9984C023D4E57C2E
03E8D3D5F549087A,C78A38E5FBC66080
1899F328B0E12848,9E695CE384C77EF0
997ABD671D25CA0B,C49311A2A500FF09
9A9112A0FE9A4713,75B58B38E45C6F9A
73D57CFFDD12C355,0BCA9ADE67DF9DD8
223CA69A8C4417FD,893289730A4A21E6
15C40837039FFAF7,7FF6ACE380ED166C
6806C51AD12B83B8,EFD424FDD55A6EC7
B8A850F20A067EB6,53CE6C5893F65093
7C9C91AB74A0360F,B4D5E37C91862216
1CA3E9EAC9D93E5E,7B77FA6399B9DC6F
E3A3DB414A373DAB,17552FF90A99ABEA
1090044AD1DA76FA,4BFE89D21F9885DC
A6DB27D19ECBB7DA,575B7C28D81C0B4D
DFE8422B3B94E688,C0BBE340BE2AA02D
F22B6C47C6EAB066,4030103C8B148AFC
E28E54788CE8F12D,6C9038EC46DA62DE
05095437424397FA,E45310E861787FC2
3A87E44BB9A01D54,BDC364B886846D11
524AC5ECEA15343E,A2CCAAC7F5CA3F49
04A2A40C73395041,FAA5505029C4B5A6
4D79439A6B55AC67,E8FFE38E2BA32BD6
EE778F8C7E1142E2,5F95E51ABC3FC59A
12534C348C6CB68B,72D30262CF8C8603
013A80FC08F6E4F2,B84B43B766630B5C
43A66C31C68491C0,D56332194D622ECE
E2587F8CBBD87B1D,51794501073F0A33
03D7FB09E75D6B7E,FA3E6ADC3E5D386E
AE9FC9EF6A9FAC79,C5BBAB0F8336ECB7
EAA0FFE120D92784,DD944E3FD2028A48
853648FD1063A213,40542ED8EFC7D2D7
8A9BA1AB3E237613,B4BAEA083E2652CB
17C07FC640E86B4E,885F3A431ECE75E3
10FE3F1B79F9B071,E51D1C588E8D869E
867365E111A3B6EB,4999364EFF3B7CFC
BEC7076D64130195,6296023D689C5E64
AB04325045427AAE,DC252CD3A5DA5F65
428BACCDF5E26EAD,9F6498B97F642B82
4C4D6B2644F458CB,F8A80F26627AA333
B5BA80F839791C0F,D18C8678B41DB690
8E0A582209A62695,EDE3A270F1277EA3
2AA720E4287BF269,AB256D7C8D6A4AC9
87B63E25A529D526,8F37B08BFE649B87
487EB21CC7295BA1,29CE559068C8CC1D
3AFDC536C3D01674,D5C0F2C0C23EEEBE
1CDD6BADC297830D,E66018878024055F
8F17BC8BA08DA62B,E1C9109AA0B04165
E8AF77C4C06ADC93,35A1BC0F4035B2F2
EEBFC7A7EFDC35B4,2F5D527CB51AE553
02165D55000219AC,708D5E68CCCC32AE
90A38E9838E0A8C1,6C18ABC0D4C9AAEC
FC058F5121E54C32,A1CC0998BBC30533
ACB5DCCA1EC76840,63FE990BAB40116A
E8D65CA700C9A693,E592AEEF07F5ACB2
81592BE4E3878728,78738F6D30171534
BC1D768F2F5D6C05,17114A8CCDEB9E3D
E41033B25D003A07,0DCD513510DC5D8A
92D619E420858204,D6844D3104C3ABBF
8935624F8C5592CC,00BA91AE0048DAC9
225798743970412B,19BE4974BAAEF724
11B5E6D2AE73F48E,EB399571DCA129A9
5DCF6C5CAB2E9BF7,16134AB5E733EA6A
418DC16FAE452C1C,E9602D5637436A51
E0130B41D3CF4574,0FB1E3F3937FA202
E0E854F5280FB769,7681EA195CC4F7B7
F2D4B2FE415AAFC3,49025D49ED2C10DB
996DD1E1E02F1008,1FCD42355711E0B1
57A3BDDAD8E5AA0A,DD0E57E73E5C4BF6
2F9A292AD0A3BD89,286AD817F094A7FB
5F3B7749C112D552,824C85B41BE522B8
74C180030FDE4B69,B3D2E916AE9C2B8F
6178F68A87A4D3A0,80382F8EBF76114E
82EBB79E258FA2B7,5F9C583F796C0E96
163E252DE035A133,26C2ACB261895E70
524FF0AEFF9C3973,F8ABF8940883FDB5
EF6212C2EFEF1A23,DBDB21C248924305
6B38ECB05A63A685,EBB70B706E0E5B44
9641A9FF718E9C5E,9A9B07D8E488CD6D
030983CA930B692D,B0008BCA992FE670
0AD973CA1E077B60,A2C0B5CCE07D44EE
6C0E2E0125610278,CB567ED25393C1DF
1B84DF6AF2A46938,4645C707A0067CB6
920D853F3E17F1DA,2470509C0B93ACD8
E036A705F989E049,C54B993BB48F127D
2910669969E9535E,8ED8428AB65B7367
83CD99A1E6061AB5,443E2CA72E118E64
28157D43CF600981,2D89F1A81B73377C
55598D21339CB998,643A5EAD42A4060C
85F01B8D5B90570E,DAE4BC89A198A6AF
46E9AE36D8FA6417,4BE697D014536271
C30338E8088E2E21,62D18D65FE22FF39
61BB1D9B3A95D802,0F33095580A670CE
FDDC2B4ED3C69DF0,11618436C6AA1BE5
F6E48914C7A8694E,704F8697BB515627
C6796A8FFA375E53,392841D58D2EED1D
C58424BA936EB458,9D7453DF8B7E9E0B
80338406F3475E55,35CA0C119E6A2A27
1115F16B8AB9E8BF,4E2EF4B6B665F3F4
03B504CF259931BC,38CD3C04C877C35F
362E2D3FE93A9959,D4B2C39F7AD5A6A6
C3D0841A0CC546A6,9E3D03981E2E9AD9
54972ADAF0294A93,43D93129BD1AD792
E83A3E3557A56640,5FEAD10623875182
272ACD84970869C5,C62ED852B1172A41
11FE353CF9733E6F,42AA2CCF0B61DCD8
7A5487FE9FAA6B48,551F46B3C7DFB654
A2C6FC031D46FFF0,2D57EADCBEDDB2AA
01BF60A500E28887,A6BE8F025C6B653F
F0D31AD191A74F87,909F156FC4077611
E64A3CA08DFA37A9,B02FAE47395D3028
93CF869BAA0C4874,120FD3F0779D3C4C
EC51713AB6EC36E8,2B56C657979E352B
2D95C7E2D7E07307,E49D47C4978CFEDA
A6C90FBC38E395EE,5E72DF7B8C03AA05
9EC6603812C24710,6750311806FF130A
6FF8FF40B6357D45,F46EDF82CA845956
24FB80D107371267,539ED6DF32477DE0
9DD368BF06983221,9B25F77587646D08
A7C511FA1C5BDA38,23D23D5696058D5D
6274C4712850841E,741BC8585A65F4E0
0991549DE4D64762,456C91FDAFEEF560
9DE986FC9A87C474,EBB066F8EADD0C1F
9B8E1BF04B51F2E8,5C21627F44D0A4AC
E83D4F9BA2A38914,A8D713A937F31250
89023FBBF9200E9F,CB3024ED32EBF9EC
017008CCDAD48503,5FBE5EA201067B5E
F3A21BCD95725A4A,5C6675393464A814
CC9682B8951C5229,21F9691A2B528C26
4CFFC65454C93A49,5288BB5843D19DAD
9414E18B9434C2FE,759AC27BF6C1426E
71A5C1DBA060049E,D8F926AF2B16BC6E
D9284A8C0D48352C,36BDFFB529ECB71F
93B0FB27C9A04060,2CD796D9868722DB
C17AD0E5752BECDA,BEEBC440559223F7
6E11F282F11863B6,E5694002E250F2D1
DC80A4C2F18A2B64,4169D62225D118AD
10C54E4389C12B42,42B4D8C7E389E8B7
D40AAC51E8E4C663,9673CDADA8C3A4D1
D81B7F27BC773E66,2C86987E2C1DF572
5D5CAFF661DDF6FC,092B9A2C8F9C705E
654CD0A825161131,313CC23B5525839F
2746BD9D88C5C5D0,062D667A62314213
48F44967FA05CC1E,B7EDA69A6A5C7562
497BF74A7B9CB952,76DCBBAB09EC9564
50B56988B170AFDF,C10C84A8F8D6A4BB
EF4CED81CEBEDC6D,FC832BB48EA293B3
61E111E323419E07,7DAFCA3E4EC9113B
94F12ABF9C79E339,5A0258255BDE2FB1
D16C2AD6B8E32854,83F92F0DDD94A22D
2B4CDCA6F07FF3DA,6B2DB28D6D5448A2
90A6526CF0381030,7419FA8584FCEA12
655185A06D9EEAAB,167E0AAAC47615D0
5FBD7095FE7AE57F,B35FEF5CE3334BE4
9FD452BFBE7A7A8B,3FCD41FDB4395083
5F5D1665E352A839,FA02DDD2134428AC
278F76C3B0A8F109,534A9B3C6415526C
FF56381874F82086,37A11A039E429460
1E8C308FD312C036,073A1111AA7C8686
C6B9DB42C04DD8C3,950D6A9E1B6D0DB2
6C93ED8C2F74859B,F449945148E2CE06
017568A8182D98A6,532D1719F5E51AE2
E1CA84EBF72E691D,CAD4A8F819424C71
D53F3A29BCE2580E,0CDC949C7755E2B1
A82819CAC9C4C403,DAC95E213A2A9D98
7D1464D472D32136,6DB88AC4A86B7993
B7635E80A5C31BFF,CC6DE40C1B0CA70B
60190048C0764A26,EE23CB1B3ECF4923
1077788E268557C2,0B4295B1608BB934
579CCED0265D4896,29712F962253A7EB
B124B57F571D8F18,DA1611E46AAEA71B
41BD2A6B006AF756,C502CD39B4994F3A
93DC1BE4E1ABE9D1,A54E1B85EC9F610A
FE26117A5841B2FF,7CFE5F3C5F742479
82ACC484FFA3B05F,DC5B18561A18AD5E
0350E7E17BA767D0,DF412ECDA6E66201
F40DD601A65F7F19,2835492575BEB0E6
6089CDF6A57F326C,78EF6BDFD91C7D7F
5ECB40269053C0D4,FEFC4CE79A79BEE5
A6D3A8750DC73270,912E56FD8DB2CADC
CE5F689CF5A0A49D,817F41864B424C70
6F79B93B0A8E4133,3699D36B67CC8836
53952FD2BAA19F17,35B66DA5A0E5ABE2
428BDCB9DA58DA53,45381F1E5E17264C
595F028698072DD9,68E0E843A17D2933
1087BC8EC540DAEB,AA707B921102DC82
7141766F91D15BEA,5527519A6ADC0506
55E1D2758F34E437,F03ACE54462622C9
36CED73BFED89754,18709FF6990F23CC
5FFBDEEC3E8E2009,9327D4C0D6DF2D4A
8F5FB35D7E88FC70,6E74C4FAEF001064
E43701C36CAFF1A4,1C4692901D44F0EE
6B1E8E2ED1335B71,674364FB1963C598
1F4ED342ACEFE62D,FC4706297CB9D7D2
E851E480B814D4BA,668E3F4B659F1EE2
300504B23BD3B711,788A8B142314D1E9
44CD1F493DB2A0A6,0CFC169655AA2A7F
F4B2ED59DEB5D774,BC72F72B28569518
9BDA23BF666F0855,A9B0133EED69CC07
E00F2AB100B76E89,FD38851DC971D9F2
99C82F8A139F3E4E,5D7982186D74515E
28D034A93FE31BF5,87F4BEB993196F12
8181CE2F25CB9BB7,95E0A762F4378580
563B65A643ED072E,C562FE1EBE48B70E
F4FC6A6F67D8D856,AB1C4744AF94EBCA
99AD4CCCB128CBC9,9A4BAAC703AD5640
00EE9F297C738720,DCD4F88620190EFE
4DF7CFFF471A7FB1,61C86D1F86F629E4
4A2D4E8BF4265B0F,ED1E23A658F29D8D
EEE6EACBE8874FBA,EDDAF8F99F371228
2B1C623823DB0D9D,C7776239A391CCD0
A40CC53DF8E50837,A5C82A39FF8ED272
6448050E9C2A7207,A10A963F310E9A56
A0F8A7517A273C05,A625D96BDE6A2827
FC8202EFC642E6F2,2053F6ACFD4ED4BC
055BF0AC0C34F4FD,787921FC6CF37367
B81F6D4A8F5EEBA8,99A264CA4F4CA6F7
5E569EC46EC21CAE,1FEA113D60D39099
86B4B6212CB8B627,80C31A22501B228B
DCA174A42133F08C,BE527F3A3A04FB79
5335BE58C083E74E,BB3DA45FD0FEFF89
F660602546D27BA8,EC1D9CA900B82625
D138FA15C9776837,CABE723FEDCB6122
438B3D7CA026FE91,B284C9C04FE64454
BE4C854FFDB6EEBE,88B9EE5446E06E44
9AA47FFF660CB932,B60378ABD06310FF
30D779DE7C4F6DD3,45A882EFDC9AC672
CE2B43770B655F8F,C499AF3B32CE9E44
73561D4425A021A2,48B6B7B6755EF099
93A3996368C94158,9982130A0A4E9E8E
2D55FE374D5FDB91,7EF8172AD258CD63
F1211889DF15A763,F582A897A7912851
70A252F60A3E036B,09D48D620DB96163
336511A34F2E5185,343A67D02BA7963E
1CF38D529D7441D9,9FC896A54C21FBA1
25B99872D588A101,C76488F3D2692257
35F0B98A8387274D,BBFCE82595FCF3E6
FB1F9381E80FA13F,B9C37024E5EEE91E
FB8F2A6F3DF08CBE,2DB841ACFCE581C9
FEE4A5459472A9F8,06BB7EF620BA36F7
3C67506996001F5E,B5CD4DAF46CE6329
01708E8DD3FF8C65,C9C86B3B107733A0
5A6FFA2433E2F14C,012D9AF02A57F126
4BA92A18502BCA61,6FA19E14E23FF16E
2DF9038C90AD5264,08693940711DC312
B2AFF10216DEFA2F,8DCD395092231395
B61C8E878A4199CA,88B0C92B04E14561
3C891A251567DFCE,94AD17FD64ED9169
F445DE8DA80A1792,846076961D2BE266
A586FBEB32A53DBB,29A3C2E3AADC562F
A635C11B8C44AFC2,8195B06184F649D7
371EA43692861CF1,3C75661E6B2F54EE
280C7E3AC7F56E90,919DE5BCBF7BAC08
6C34F1208B8923FD,258B9DCFCB230FAF
B782F8238512BAD5,AAA9294AAC0A7B85
68772DB2B2526F9F,BA6FC33B09D1C39A
64D779659BC37B19,020339F3DE147B78
9E6B70061662AE5C,8123E5D5BB4CBCC4
CC6E3B6BB69501F1,0891C4981A42AE5F
E4A84ABF135EF91A,4AD2CDBE66925AA9
387EAD7EE42F6685,32A0EF990D0A65D5
916F0A3CDEC3445E,58905C04D9E1CE4C
CBAD6729F7B1F4FC,684F66AAAE419E60
213AEB2B90CBA7AC,26E4F443B23A3AEB
2201C576FACAEBE8,330D010878DD999D
810E8431C0614BF9,D699DB7515D82955
3C5FD37B5499582E,9FAA2C7154E262DA
39BE7CEA8D9CC8E6,DA727DD48FB63842
A65568121DF2EA26,2BC717FE20953774
E2A99A9B524BEFFF,9046783C7B581580
18D0456E86604654,AB0F784335D14AC3
6D0DE6A7B5DA71F8,F04DBC0AC5A2AB23
39BBF623FC803EAC,B2A9BDF905DC5A51
6C188BE134E074AA,A91D83F2CC1345A6
2ED7843F8F801023,02B23FCAC192C764
18C1270EA7F199BC,FDC069EFB77AEBE9
416DBD4CD6ED8DD2,387A0B2797EBDE5F
6BC97F4F4BB3C04B,480217AACC9C34FB
7350823473013C02,9038A2103B9BFD38
4668D80430D6C299,9C4430B10B361917
D839450756ED5A80,02E166B5C96465D2
419594E137637120,EC42452B73B6CCCE
423DE3854BB50894,8779A14B5EC7A124
1A5CD7752DD28CD3,C862BFF2021CFFD7
048746E388762E11,DD14CDB3B8003696
C843060B5765DCE7,C20CA6246517F5DA
883D79C4071E18B3,6AA1F733791ADB84
936E6168A9BCEDB5,7B95B829DF1701E0
5F92A689A06620AA,1131A9F5A725F45A
D8F66A3A60C62153,5F0847A02025CAB5
2902843FCD2B2D79,53858F1E03A88AE1
46E571A0E20D01F1,F2A0B4A5DE0987FB
A711568EEDB43069,2B360ED559ED11A6
749FADDF97DFE930,B5B1E1F68FEC43D0
BAF20C5432058024,A70AB8E887871101
72C896464915D1B1,DF10EF4F35BE7004
C153C43EA202C8C1,4336DC3297C47528
6BAB9442830C7F53,1EA8B94F4F446F35
4BC2854478F3A749,BFC84C3B484F3AFB
AC09CA973C564252,49875FC4498CDA9A
07503F7948F491A7,B2F7F35C9956F9EB
BB7454BAFF08FE25,52149FA3F8DAD0F2
085BF80FA50A39D1,0CFC15DCCFB1DD8E
E861D0B05C7662B8,1C06C3F7F238CC14
7BBB1B54583ED410,D99D30290D6BDAC2
E3B27E70CEAB9F0C,ACFB6D8CB325EF49
0E5173C163976E38,8EA85492561F6FCB
14E56BC5B5DB6A19,E63C77B605D7BE3D
DCD2A934D65CB497,184595D8795BDAB7
50969B9B89ED5738,F1B29AC1D252AE2E
9FE5633880ECD8ED,7FB4033815BC3A23
1E8BE90C74FB4C09,B966251859431487
A38DCFFCEA8962FA,B31CB7A737F771D3
937C71165CF334B3,770FA19E296094F2
5A039BB0BCA604B6,27E44C95E1D1461C
C1670E958EEE24E5,13812A3531901D7E
9537097412CF75FE,FD04BD7FA7FDC8C0
F417C2502FFFED43,C16ECE4C45894D24
157F93B036700462,232F50D37AC94ECF
4759CC730F947C81,824F1CA67B3DE4E6
48ADC8A773564670,100BDBF4D9AD9C8C
2720AAA75001E094,620752C0B6B59FF1
E37B76C387BE28ED,530509BA34232ADA
7D7D2B47FA788E85,3D7BB320AD56D5E3
4319E335B71FFF34,FBDFCB1FEA54B885
B50807EABE20A8DC,B5815392582AB87A
C5574E0AEB86BA68,4FFD888249B447E6
814FA8BE5449445D,73B97DAD1A2DF572
B5D45264751B7DF0,B7066A3C28279F4B
FA1E2BF8B10598F9,D8CCA4EAA59D74BF
D242728AA6F0FBA2,3BCD5137CE6A77E2
AC253D7842768F48,EAC90109645AFF9D
29DE5FA52D00428C,C5E8919401B3C049
A2767257A320FC82,28135EF4EFC59AF6
F33AB75780BA57DE,C236342F1874172C
16A96863A17552BB,1BB9CED365CE71C9
A6E9FDCB2C76785E,FCF2996A0E9DEDF6
CAA15F13EBD417FF,E4158E25735AAF13
9C30613D50A6ADEF,2E31485162C12C99
817268968605947A,FC552788374D7693
3548536485DD792B,450CD40CE0177FA2
E04B48F2CC926253,7B57ACCEBD44824A
BC9AE166038A5CEC,F0CFD24C4C5A6185
1DD55701034110E5,19C069DE0C1DFF87
DEB6D52126E7D640,E196738BFC6C83A6
CAE1DC9A0E22A16D,5EECEC1AB3042BE6
520E541A97A13354,55B1A2570B28CF99
FE07FF6495D52E2A,616DFAE1CDC37697
784002A632822099,6955634A1A4BB89E
0725A4CCFDED9A70,347C46AF4CDBDFF9
DD79DF9F4D26E1C9,CF29B45F9DCB6767
430386FE9BF80B45,5AD02BBC63E31E46
D465A8599DFF6814,C047DF82146A8B43
476AE72C1D19D1A8,921FA2B067591AE3
6B7513D9966FBEC0,533E323CD73D0001
7345BDD95E62E0F2,211A0F273B705428
B8FF7AB45305C345,BDA4776988E3E1A9
39B5D1B10383F0C8,B90EB35E662F9812
C9156DC11411A9EA,F96EF441E3943DF4
F2EAB31979A7F910,B111AAA7C1B0D64F
72C1056D678BB7D8,DD456D7F1AC1F8D9
36AD3E690DA5ACEB,3BBDAC5E9B0709B1
048189FAC643DEEE,BF2FD45BF8E200E2
9B5A68C6489E9909,39255E004257D303
A6F312FCCE9C1DFE,49B69E9FEE7538E7
9F343285A00B4BB6,E32A857DDA8E7640
D2B315B6689D537D,55C338E4315BAD8F
4A3DC7ECCC321032,AE44DC80465AC177
DB89EF50FF25FCE9,560FF74A61A33415
B2C1A29588A9F47C,A0563D5B9FFA9E41
4E9021C1FCDD507A,E0222A22232C6034
F5F6378C4F3419D3,A9BEF71E6CF68903
47C2A06D4F5F424B,10AA1D668D6C5CF4
5501B7A5CDB79D37,7888CF2655E6DE28
ED3F346429CCD659,CFFE1562F957B4AA
15B8ECF844EE67ED,91D137360A62E65D
D30C50DF888D58B5,3AC990743D2354F7
110F526AB784111F,5C52CF4404E4F174
BF29516833893561,9F0A7609F6A33139
D69411AA0CEBF9E9,CA5526F73381C600
D2C5AA0C0E8D0F1E,D450719EFB7CE3C0
181EC197DAEFE121,C01ED4D29D5B6686
614DA022990752DC,A1217FA3D209873F
4683149ED1DDE7A1,66418B7D13B71000
52923C4710DD9907,5CD78A8003B19DB8
9748FA4DE50CCE3E,182BD8385B538F03
C8CA9670B9D83B3B,67AEA8405DE74BE4
E832D760399EB220,6E43E6EB24D5F3FB
2B320CF14146B69A,6691A8C1740779A7
3655F544CD30F0B5,18FFE24AC7E1FFD3
FD5448BE3111ED96,D88C6898FFA824A3
52B4829281364649,C30772A137E70C2B
E0AF41401ADF87E3,12806B47D3B4187F
4B5AE2EEE4A8F180,4CB3F8AEBF8F5F93
F2D0E6A75CC05597,B308BB047985D47A
9B9039DBF2D258C1,7C2C92774A8AB751
EB119AA014E89183,CBF932752CB5F789
B66064452270E8F1,C75595D38D68193F
4F056E1AFFEF17AB,D9655A906159641D
5D6B2D4830A67C62,86328A349E5CFC0B
EF39EE20C537E98C,55CC6D7C6CB3F611
149AEE66F0CB3A99,A5018159B4411234
062D5EAD4DA2FA6A,0F7864BD658D3DC8
DF735600A4696DAF,252BE56DB93DF816
3DBFC55D5C9BB447,A571B9D2035E6945
743607648ADD4587,6719F2C27E4D132C
687C0B594907D2E8,F1F83A49372E8286
4D9D109F63FEE1D4,5D151593B8B74B64
414641C26E105898,B04D20D6BCFC0C85
EA61CA8E80F09E4D,0D3D2F85785A0774
3D95EC8B6D940AC3,F2C714EC203F71D8
1600FD8CF72EBC12,FACCA4B8B3988DCF
EFB55E7C25D3B3BE,3937970C698442EC
6CE36C35C1AC8163,217D83915C7AF84C
1E5185B72EF5158A,8A54885A635DC8D1
13B350B8AD0EEE10,70AF89C832F8738C
2A2A52824DB96700,9AFE344B15F7B1A4
B6C49F8A5E295A5D,3943912232B2A7BF
349CE7B56DAFD95C,43724EBC47AEDE1A
F133BBBE91E1691F,726C47D78CE29DFC
9D3151A373974804,D478F2D087D53713
7BF835BB9E2698C8,99EBE9AD8C344773
4172393E6BE1FECE,3A17DD2BBFB843BB
8378627201D5497D,470BE7EE26E40D68
B13DCB4C6FAAD238,69C541DE38607868
E52B8E7F85D39A08,1934F7E4E24F3FA5
97C65887D4B37FA9,F7DBAEA10D027AEE
FCFACD0DB9D7A57D,A83471E5EF1B0F8F
0C4BBF625CA98C4E,5587484C0CD0306E
3EED80DFF7325CAA,4846DFBEB498024C
7CD934010E115C2C,C9B8E88428C4C45A
56176892826A4FE8,A4920568F5B9D8E9
E6A877C64CAF1BC5,0A3F828EF6B366AD
701375A7D43F01CB,2071FE2219F8A9F0
244F70C84C547D2D,3348A436D458D8E9
0F342546AA06FED5,A1595787E246686A
A5B769058763E497,85C45D18D2F740F6
C7ABCACA4985A766,04DB9DF765C4226F
8C825BDC7741D37C,355512A1887B419A
A328A24AAA6B7FDC,EAB32453944897D7
EFACC8AEF94430D5,E74545263B038AF8
A097AB275061FB21,C9B0CDBFD80029CD
FBE20329593DEC9D,4A60853A3E0D183D
D51ADCD2D8BC0FB3,5FACB8A2F85D58B4
B32209EFFDC04913,7D92C08570AED172
D5C12A75C7B9497F,5F3A27E14D5118E5
B6FBFD079B8D0596,263D71684255BD64
F0BC12401061DEA0,BAC42F93514F98CC
FC52E0F37E446528,F5BE45B871F13822
DF97CDD4FC08FD34,244F4A3B2437CE54
EDC1A5B84AEF33FF,3D8A7DEC4408D591
D43D95C7A869447F,D3283E98D2EC2A5C
06C0023BED16DD6B,5BFE23C73CDDBC0C
129466ED55140F8D,9328727FD6F1A390
8A7A40100EDFEC58,41227A976EBB4380
7F96F23FA9B73327,0F956787E97CF431
226435CB96CCFC8C,CDB1810B79D0BAB4
BEB2D9A1D9A8F55A,70C5FE4EE59DC750
1F2E4E06DEA8992B,D4A2115EEBB4C00A
9BADDC94EF83B823,9E3EB3EDB58FA356
56B94C6D7127DFBA,38BAFE3BBC859486
632A689BF42301B1,EACCD2237F51AEFD
8879EE09268305D5,CC89BCE0D230B0D6
EAF0FA793D05C592,F8D57A5113E7316F
0A41540E63C9EE17,51595C15729F2944
80EC114669DAEFF4,64C5FDABD2C1ACA3
B22B17DF858716A6,C6B18CC04C8748FD
D9D0E694C8282C96,D62D8214DFB07FC1
A2746EEAE3E577CD,876E875FF3B5415E
A13B0222F3D94A94,1B5D7B29077E23F8
0AB84296FED9CFC6,350456E49ECBFB3D
14D6F5678D8F1B37,EE77BC5A16EEF2B4
837765A25378F0BB,25D8B90D7AB16D2F
A76359FC80B2438E,F7B46911310E4737
A74A541C6884E7B8,34DC21A7AB5C360E
609278246A29CA34,B1B74E96C4012E63
83B8201ED82A9A2D,98049B8490B0E613
A6385DEB180F319F,14F7A1D85D6DDAF8
7BF1A54AE67AC070,835ED6AD965A7CE0
40B62FA033EB0346,35727E1088FE37C3
7DCF7C708D292D55,C8986DAB0D9055BD
271017B9BA825366,EDBC67B52044E960
F75497BB865F0803,133B0A63A9A49F93
EDD91296CD01AEE0,E368221DAFA8842E
5EE29B4D7D5DF897,E62DA6AAD4CB14E4
A016BD4459A501D9,0CDC7EE02E30D81F
D0263801A4C5B0BB,6E7F154934B0020A
3D245789CE12982C,9104E9283667AF15
B8BEC0CA6F0EDB0F,DDF04C83FF11A9B0
A10B2DB49E92A6B0,A5B990B21237B420
59424BD75174C9B1,BB88E75343D3F9ED
323F647679A09103,2A43F3458619B33C
970F608F0EE6C885,5D8B0ADD9EFBD7B9
DD2620B7B9D16FF1,B43B8D17FB3324C3
A079A6C51525DC4B,DCD58F2C1C3707C7
45C597097DD7CB81,E1A4F64BA2981789
0EC92A1BF0857187,4C699345B11ACD30
333FC8DB079B7186,BF59A61D1F5C76D0
1280804F7CFD2D6C,31416169840C85C3
AE287C923D891715,5FE7F330FFD41D8C
552369F549563AD5,B1339E1ACA3722C6
DB6708C0B46F56D8,35883A331320C6B6
F162E133B4E7A675,AB3F3E477AF4C4CF
0A6EB355EE14A2DB,60830BBC6FC08247
8483E98E8B888AE2,0EB79601C726307D
4CF5F55DAC3280A0,52E6B1ACC4B9D6DC
A98B8E3C088E5A31,C8B9CCF35679F2B0
5E9DAF5A20F15908,861F6CF5737A25A0
B2A16444EAD9AE47,C3219A6FBFC09F37
74D4E028107450A9,1D6A97D1519EC3AD
79B258E397854D29,699BB142959CAA74
11315AB3385B8AC0,D9925DC55D73CA5A
272E4723B56A3B96,ADAE2D0345EF09F9
B1FA61371AF7C4B7,96C7681CE7E3763A
583BE370B1EC6EB4,056B105D1C09BC44
F827589017D4E4A9,54C8A2583D2132C3
8BBACBF51DA047A8,C9E087698776DBBC
5A43C76F7FC7BA5F,A7B40B7D4853ADD9
9F65DBC537E59AD5,18576AEDEBDE9DB0
75E7D505F2B15902,6450DD9BE00F7048
8F993D26E0CA5E8E,D83D4B641DBA1F1C
705A276EBFF3133D,DFC8B8E3558D7160
3044240D2E0FA842,718EFCF2AD11E241
ED640017ED337E45,470F5D93F0C35D3D
19E00D7322C6F85B,A94D73025A15AA96
9B079E5221D984D3,8771CEF27508AB24
BD06C611BB9048C2,F12B931C29CD7B3C
E6F13851780394DA,4A18D92E274BE981
A53ED5520C07654A,18AAD19264567F63
EAF5F7E5AE7C6C9D,EDB744B07F6F504B
44A113DD6FFC48D1,2E7C66A9049A3DD1
601736CFE536B0A0,40B6A56AA864ABAF
70B8EC8FC108A634,801ECD3C5FBB60F9
1B93E0107865DD40,43B607A9E0E5F294
28477EC23D892089,22B88F4BA785575E
E023E8AC4EF7C117,9228228835BE767D
B60A9CFEB21CA6AA,E3AAC517B9D11996
23B59D8912F94246,8D8DE9C78C56165D
594A1028FC2A3E85,07DFC2E14CF434AD
B59E4BD37AE292DB,24014063155619C9
2058206FBE79A8AD,88645E1CB9E8DEF0
D8050E0EB60CF274,299235509A76E8C0
F19D095E42D430CC,7D474D14E1A8A20A
A320EF046186FA3B,A0851C55F5B2F560
DCFE42068FE0135A,C20BB39C63DCB725
CCD892192C6D2BB9,D3824EAC33B77BDA
3750146A28097A82,522DE64D1BE35BAD
FAF2A78061FD9EF4,5086B45874995907
9AC577F5A12AD8A9,4A0E99CBD1247EDA
E5B302114D8162EE,236EA170FCCA79D0
BC3CCA5844452B06,D494A6C370C3D305
ACEE6F360FC1F6B6,58ADEEF81EC497FF
845333B3150583AB,D747F45FE077D093
3CF48F6F96E749DC,189082ABE7049A9F
1381539FEE034CDA,20DD4A6D27FABAF5
944F30DCB7096BDE,D05E29900CF736C3
1A8B5F3C01E2B477,47A71ED5EBF4D6CA
96A05E4FB321B1BA,9A7A47D4742E250E
C158D28142A34608,72B821E81E209502
5A353B8E6B1095B5,B3081038630E7D72
2E648D16F6E308F3,9258EECD9F3B037F
71E7B2E657449AAD,183BE4F4B6242686
FAA23F2CBA159D67,CB17594806A27FBA
5F2013F8BC24EE69,A491012434A0347C
D2209BE128B5418C,63FE833BC1A4730C
933BBEEB8C61B5F4,A6213CD18FA7A1D1
D8295AF639FD9CB8,D0F7511EBF198472
B5D7B26B45720E05,27869FB030A5470E
C208B673CE446B61,909171C88CAE98CD
0FDE9DBFC0A6BC65,F11D037164D8CD39
5A4F9EDF1673F704,8E2C0C5DDFACC4A3
BDEB86F4D5809204,32919DFB23E360CB
DFA80CB25D0A19B3,F4F292B695BB4A6B
AD5FDF34B81BFE79,AAC322731EF33BD5
20F898A5D9782800,D15FB1055A3CC41E
5B74EA8CFD5E3E7E,41BD26951ADF63E3
B11D94BC55F41932,79458AE4D110F770
27CB772218215325,E0B511223C5ED75A
BBF327DED94E4DEB,B390B097FBA51C2C
C3BFED92026A2AAD,972128702A73652B
22A249A53034450A,84FBE118966BBE44
95C0A5BBDC189AA1,FF4C05C42C1C3C74
C50CE861B55EAB8B,E7EF8DD8596FAB5A
5E346D934122613F,8ACA9ACB93EC151E
7E782A910C362C25,DB39007912973865
0729BAC1B8C64317,DC7BC866AEE6CFC6
218DD44AAAC964FF,41997DDB2EDE3319
B5485E4907B53019,F04C5BB5BEE56ED7
B365FC0C4E27FFA7,44893A0E1444C28B
1FEF0683B96EBCF2,FA5BD1BBE7EA5BD2
9B6E70C5CEEF4EEB,EB9A5705F91A653F
60F9A4393A21F741,264EF324A968552D
02398B627547189C,D5CF6F9E6FB73F7B
6E575D6A898AB852,D2D71C54782FDE2A
8C044C5C84505B6A,81772342CAD52F9B
0BD04E29640C9C12,EEA5947010767C07
873B82D42AC2B9E5,6C14C77B953FBFEC
8B6817B71B85EBF0,E0B94A3AB208A624
80C8B1846639BB19,6A9EC1F6F5C4ACED
7EA2B6AF97ECA6ED,A2DFFBCD9CFB74A3
5A7F62FDA59759BD,2345501EA102B3A0
745711A75AB09277,D6003E90FFFD0FC5
71862B1D855F32E1,551AA2E1D1F02037
A0696A65F009EE18,914056C277ED18E6
65D2EBB47E1CEC21,A87835FA95542DD6
971927086CFD2158,D72603E43F4527D1
79AB33F0FBFAC40C,00366D0641FC64B9
5099BC55630B25AE,49851BEFF428591A
75DBEC174AEEAD10,4B7B525F9E13CE0C
75A16C3DA34F1245,B5E587F8B911573B
BE8BE4FE60E27B72,72D460C6FC1A44BE
25615540D894B814,24DD1A7E1CE5AEEA
AE51BC858F32BA66,0EA07962994F9247
649C97D52332341A,EC59B73A84DB7C06
2C42340F916C5930,A28F3E77A1106CDC
873C9F3104101DD3,32C9F8FADAAEEFE6
2BDD44CC428A7EAE,FA1A73C829B8839F
DFB4138EEFED7B81,280CF21D155C9165
B70374A758007DFA,516B80917207F1FA
79DF7E806202CE01,DA060B8C374D44E7
ADA24309FE08DACF,D09C9D030AFD3F25
B24F0944DA203D9E,4D51377BFFA53BFA
C65AB383CD91DF98,4200AA9EB255E874
E1A0450ED46A7812,C01E6A01232A4FF6
E7DF4E0545DFB56E,699D9DA1A2A6FEA5
E1B13771A843C4F6,0388E9988AE25FE8
9FF28D88C766E3E8,9F3372D1D2CEB7FC
EE99784E4467689C,BD2168F3F4D473D1
D20D79671A598594,EFEED9AB1DE8C2C4
7FE61782AD94CC09,72421690A35C701A
EC03C719DB2F4306,ACBFEBEFC4AB06E7
B1CC1B9EC3007A2A,AD3F93454D28E8D2
9346E14F2AF74D46,F4B632243FE0F182
D9B067E55253E3DD,F3B32CF0774FE960
827A5BA1A44ACA6D,7623605A465B68C4
289016EC778D60E0,0DFECF5FF1884F2D
812F5488B1B2A299,C840E17BAEADAE54
6EA318C91C1A8786,CE129600BF7EBDC0
29B260B84947DFCC,7C0166AE3D19A361
D99DB210089617FE,67E5A75A1517A7D5
DBC966A01C02BCA7,B0E92983C32CA21C
08A1B82B91900682,8C9783E384BC7C7D
FC4EE00A7B3BFB76,4DB2ECF3CD805BC6
B2CC4836834E8A98,9CEFB7D95B7F50D8
C8407624CEF2354B,6FE418ABA5009F46
F0077C797F66A355,A874EE24A902E1FB
6D3A430D1A809179,23C8858EB0904B23
131BB5DA15453ACF,AC377D7447CA707A
A03D4ACE0A3284CE,7A1D6E372C9B0D33
ED1517D3AF17C698,0B2AA94F5CF6C2DE
F514621E8EA463D0,85445813EB7625BB
45B8154E077D9E4D,CCF8CE6ECB8490FD
5FD5ED82CBBE9989,F9F9AA528C8CF8F3
AFE08B35EC0C9EAE,114D27019AF02810
5182A339A3474510,5309318C08ED8CE0
B49ECA122467D05F,AFF42ADB086D4955
0FE8E1FCD2B86B33,9B022911EA95A90E
D7CCCBA28C4ECAF0,C2C8A8BBAE3080D8
02CE1D6AC0FC73EA,570B61427466765A
FB6DB092FBAE29E6,AD592DB2F96ECA57
8A7B3952DD64D2B5,0A211164C5B26846
995A65F15F581359,976B76120FC198D3
F92A014A634442D6,3E15E494AC200C6E
515B4A22E4D3C6D7,1D0F126F75DAD126
61326EE6DF15B0CA,64F1459D77C5B341
2B171E6B2F64D8DF,2DB184CC9064069B
4337511FA8221D36,8A4DE15F43DFE430
B21B89501CFAC79E,8CFFBF6959FF8219
1C436FD11FFA692F,329EACFB80D47308
08B0CA7A6AB3AC32,019A9B017B0F7296
CDA1C62BE2777802,968C9473415B3A7C
0CB1BE0633C024A8,08D3EECA50D3697F
ECA658CE2A4E5A72,5770EF297A89065D
84C0116D012E8FC2,FB51FEBCC8554998
E8B0B270B6E7C76E,89AD9CB75446D174
05F04155A226FBBF,D2F30DA3ED9CDACC
5BCDE0F640C773D2,0B689A191D843945
0035BB914316F1E3,754CE05199AA0AC1
EDEAD9A91EC768B3,5C65D96B05BB0FC5
A75CCF58A60A5FD1,A4A4F19A5475EDFE
C1952F3773BA18FE,C1A351B95E36CEE8
DEE612F2D71B0308,57338FC01D78BA44
005ACA7100BD101D,7949AB4DDD6E0D44
35F8DA0E8A31EF1B,CA591949F95EE0CD
718FBBF67414FA36,A34A5897592D3767
6816FB4416760775,0C156EEBC386DF2A
9D4FDBB035229669,3E36F06B5AAC0723
11B0A20C493F7E36,385F1329FC0B2A9A
5BBBD92186E1F1C5,A510355252E5C3E9
5B669CF2299A271F,4DFCEBA7CC942312
2DCB19ABAB0380A8,C9E146D63A42EC00
15BB2A5C757EB91F,BF3F0FC96E6E7EC0
ED26584F6BDCBBFD,5EDA486C8AECA356
A9160796D47A2CF8,01EB3E1541A210CB
1C121FC9545E0D52,DE33C45759FB1977
A9A31475F530DFDA,3FF2C510C4AF0326
2597A0D4A4FC2C77,20049F9A0D7A93AB
128A747F4A230952,5FA865B593FF3A8A
DA947AE8880D5C18,397219826D0D02DF
A19EC0786E326E06,5BBF474CD1C1B439
F6B170F9A02E9E87,396402027BCBD865
876056684281655D,61A265F59BC83F7B
F6C8A544E4CF14FC,6B140B03832EE532
DD21B016E4289465,DDF47F6DDC6615A5
42FCE14F50F27291,9702A99485767693
A75EAC69F59E96E7,F31622289C134E5A
C5156361F26E2212,3A22644C8900D074
0B39CF0D53F1C883,624394FE858634D7
1FDA0AA679C9919B,B91DFEF32DEB33DB
FFFBA1B1F7C0B6F4,AB8F52137CA9B44B
14EAEA58F93B55AF,F4D99B87EC8F5DEB
FDD8D2440DAF1590,7DE8DD7B0F70FD20
E08256F972C7BB2C,1C8487A09DF65207
0F99F70C61F14619,30A4E9C3B95141ED
7049BF858601DC0F,CF6E8522AC153EF6
E5F5A060439C2F5D,5FDBD649416655B2
676C48776CACBB5A,9AF62494CC03DEF1
9A5BD1D0000B339C,A03008C535D954D1
5E7AE8AABE8B7C0D,DFE2034EFC4BADB1
631F1CB8FB4130AA,3A0A1602169383BA
DFF49EE984E7AAE8,783C0A3AB54FD553
5128DF14A5BB86FC,94A2F8EF5093914C
5517F90043466049,82518CCD63EE000B
566FD402B25787DE,B4F8EBDFC90D5044
AC95ED552157E092,0E41AE9400CF5AB4
973A9781A34F8DEB,1E48DEAB605ED9B6
88BF9B612B84D3C3,83BA5D18DCB6376E
EAD3D81F2C3A1458,6A5F9EDA81B32E07
43AA7FAC4E6D6687,194077BB91B8BE86
487009DD91D93429,CF477384114A1741
D30E8392F407C328,6E203618AFFA0223
72E7C7B9615FA3C3,6BB4249BA6AD63A1
3EC7471E6909798A,DF264369EE40D1E0
C0DE18944A7A9044,3426919DAACA100C
5C9B198AF5A54FA6,EF467BF5426D0383
E86689E5F82DE429,6817ACF18A10E06F
54ABA22FA6371249,1F80131CB40B3BAE
83AD64F53F4E9483,A3DEF7AE421BCCFD
D21D111C46BA9F15,2EA02577FCF4621C
6C8BC1488527AAAB,3E283984CDC33195
C991C255AA6D90B2,0D01377CBB402497
A7E30DE9272B6D49,B9D4B0227B91C091
A4A79DD2D9600654,DE8CC2CD33BB8AA7
12B37D54667DB0B8,850A6B703300A183
1DB21A44B09E8BA3,A2F06ED220802DB3
CF537FDE4FBD4CE5,33B9E3E3CE7D899A
35FB78DC42B7BD21,B99476938BE4BE43
46F917F6B4128FE4,DD217DE18BBC8E71
BB41AFBBBC0A0287,B4A6144FE4FF5B78
E6AC6C45FBE83004,6EEFB9852B1F36EB
6A03BF943D767C93,95FE169250CF288F
DFC252D8A3E15AB7,DDE84EF472C2544E
E1C8709406F2C41C,FA7175953F1CEE2F
B99C4E4D9499DF29,77CFFAE90E8C4BF3
D3A10FC7FD8D98CD,929A5581EA45D584
F1CEA8A4198D8E9A,F351A3EAC7B0FC94
98C4FE6EC34154CA,C37AD0FEC29A8CA8
EF29A16337FACADB,0BE276BB74E9FC4E
8D8ACD8388CD99CE,81BB8EFADB9D163B
8FE22675A5A45817,45D3E5CF91B9BFB7
1CE592FDC749D6F5,A1B0560BF95963C9
CE60DE011B6C7978,9FA24EA712B9DC35
2513DFB0FB8400FE,1FB6E6318D831B70
E5F773C1A1D9D168,71FF95CC27B74CE2
25F87B30C382FCA7,D8A14DD983454D11
ADFF1B2A555F5FBA,42350E6CB2FD2E74
D46923FC481CA285,BD35EB504610C23C
287F1F75D2803595,7D9398197632F2CE
1F1E9682483697C7,A9524E551D1472BF
BC80E22DED931E3D,E1D5697A2E62ECC4
14E0B2D1AD1044E0,2DE4F7637E03BB7E
BA416D68C631496A,EF5DA7B0B233B989
A736CF7FB7C5BFF4,F2D525B9741C3EC1
F5BB8DAC426A52C0,A647CE907D69C0F8
1E1497D0D2108115,D6D38247A24743FA
B479D9F0D48A1BC5,220947A50D62F2C4
FCCCAC2BD3C1F180,265C482776999332
44B80ABAB9D80BD3,B9F59A3A63341AEA
0C8FAC83902A62DF,5E9616802197B066
7E08924259E08CE0,B2D4457D10260C59
18F621F7A5B1F85D,595B9EE1AA7788C8
43DBAE39626CE83F,7FC329B0A31E8E89
EF7D17BC6C85264C,9E3C25573694B0CA
501478855A6074CE,271E26F00E8A6125
57DBA049E110F217,65436E51C985931E
DE350F8651E4346C,141AB7237EA42633
68B2B5F33BA63C41,D0AC4C0F8DCECA73
8989CBD7B4E82534,BA002840543C85C9
655B91F1495A9090,3CEB66EC8A34CB10
422D396F80A96547,976177065FE891D9
C980E62E33DF1D5C,F57054D6036F7B21
D7C95D322FF57522,645283A19E3F497A
D6204D6B10330757,F46E72F72630AA74
E679E3E06E363892,53DE1F9BC0FF9BF9
FAA10F1FAFB11AF2,66A94F94A5DD05CE
723C1CE13FBFDB67,C2D5316F6C82B7CC
163F8B586BC95F2A,8247BBE4CAEA2EB0
10D0A8F259E93EC9,E2ACCE12A4E50947
E3D969D2785FFB5E,22AE96ADC35DBCDC
6F72CD94F7B5B68C,EFF16721991BE3B5
D2B32BE3FC1626C6,3A3BA44578C292E5
C406BE343FC4B9AF,6AECF987DCB60AFA
AAB3200ED59016BC,A318EBEEDBE27A2A
F6D733C32076AD03,CC269A238CA6DE56
C69EDA28699D5107,28914D795612530C
231C8F89D0539D8F,7C5DE7CC950647DA
88B588B41FF7868E,22744DB3013A8452
67FC09BC554A75E5,330E4FB0B2E035E7
DE81239437E8C5A8,7DCCFB89D354AD2E
5CCABFFCA31DDE33,8BA8CB16F34DFECD
7B226C785A52A0A9,F5AC0DFFFAA7BD9C
AA5A7ECE2AA8FE70,B8446EB9A449F64A
198F77705FA0931D,1BA55A6F1412C5CB
EA23C49EAA83ACFB,45FA7A0C54EB2D43
71BC8E838B9C6035,69FBFDE24E0127D9
2D03E13C460760D6,6BA7644E12CBBE22
C0AA53F866B3134D,A31E36AA85AAB180
20510814175EA477,AEB6074141B6B98E
1055AC3A667F09D9,B4B476E0D00F2FA9
95EB5E34F821BABE,2DEC9FFC148A228E
3A54E33660DED67F,47E271E369CCF5DB
3A8B55FDA4C8DDEF,8BDDC6F7F5316855
C505036A35AFD01B,78C4D915ABA04036
B9EFD5C25018725A,8FF71A24509DA743
CF61D4B4702EE9EB,C1C987F7EC21C39A
9D7AFCBF21C51712,248C63F59D846E8C
70DA3BF8DACD3210,3E878ABC91FB2949
5E3AA4CA2B6FB0EE,4CFCE4324CAB38D5
E45087D85F468BC2,41E66F7E7D75ED55
D0AFAFF5A51D72F7,718D7E2874638F6E
A0FD21BED61E5C4C,90E8CF462ABCC154
50FAC3A3E030A6E1,8D896A7D8F933EE8
FB3272229A82C759,B2C86D56B1F1A1A2
CBF12D65F95AD686,84C39F568C7207FE
D5B4883AC32F24C3,B569C5668135C61E
0FF2862B61A58AF9,44DCBCEAF511DAD3
34F9E9049454A7A0,7AF2C19FB25152E6
4A9FDE3A5A6D0437,72C4FCBC90F19F80
8DB296B814EDDA07,CF7941E922F85F77
A73667484D7037C3,0A217B1E336D059D
A1E5E0204A6FCC70,12B0E19A2C17175F
56C8B608CFD49854,6E10BA0305002606
ADED7F5748ACAFE6,FF6C60A49A2BE250
C5BE134EC7BA96A0,58DEE6B926B69906
5BF29846C6527C54,2AF2B2498CD975C5
19CAFA3C87F7C2FF,264EE27FDED1DCA1
7C226D5346D4D10A,9F3A2A1234329C4B
1B857666604B1A74,319666C195174A88
FB680D403909DC70,AC5B2506743F67DF
3039AE5AD2C9C0C4,8A10C07236045CF1
F808475FA571D823,6FB1EB7F73800604
5FFE9B4144F9712F,2287F6D727F498F6
D82CF8E64C8729D8,E0E6FAAB075C8D01
14BA4BA137AF6CEC,1FF824902D1BBBC4
CB215C4B56A7FAE7,15E743373D87C416
0CD9AB83489430EA,080479A55EA36824
B14552383D39CE3E,89936830A493350F
2EAF1FDB2FB55698,61A4FE6962D74E54
125494B98A21AAF7,A20DDC56BA00F4CF
AE540335B4ABC4E2,21EADC24F7085E0C
E124FA80A759019C,EB16010DBE2A2950
FCC75460ABA29378,EDA1E269A9237146
5F68520888E69014,5F14E9A3543AFD0E
E369A5783B866016,A4ED480797ACC4C3
BCDC5017D3CE1E9E,98FB758C7911C941
27B926779DEB502D,7495432563B8C64A
11D862A3E977A9EF,06C6F76D2E20647E
B8E181E559464527,CCFA606BB731DE7C
5EF77C9ADD3B11A3,2B3E2A2E6B780A37
A7ECB73355EB2F20,E810D112A0C00FF3
5DB8010EE71FDEF2,E3D43E568F45340A
0D01D20616FC73FB,B267FF1B9BA45091
690A61A6D13583F6,26068E677B9C2868
D7B80E7C3BEFC396,75DE023B2CB7B528
DBC631F109350B8C,4551B6FEB638C979
2311DD7159F00582,9467B0584C318BAD
BE70724027F85BCD,70B2AB1977EB9053
8533CAFDE1F0F336,3114795AF6B2812D
80E3357FDEF45C21,040C47F5DFA52DB2
48608C3464F58AB4,B034D63F2AC698FB
FAC18E7356BD3210,2935B6CF697B016B
D1065D68947E7B6E,F29D7F0377E8D386
19F21E63AE6EAE4E,4F62815699141072
6CC27C9FA2040220,2D61488C347F8402
9CA5DE655269FEC4,2CB73B1E6C06410D
631DC5DFF4B110E3,2A8355DBDB78BFD9
7619364C82D3BF14,127E1B9B961298DF
9B1E824FFBB7027A,FCFF2C571D89D3FF
4C7028F78FFD3681,712766206A1FB244
59BF8C3D52C92F66,510B8B2F51ECC627
B91B4C20085BD12F,3EE7B92DFCF204D1
8B7FD87F0DDB421E,A3FD819B07AA6542
6E13FC662B882D1D,E7CBF6B12C6C955D
D4D4F6A4AB575A33,66B785A2E38AFE05
EC6A202EE4960385,5E89D8C80EED3A1D
E44A982368A4AF23,C23FEF0920023BA2
71AFB258CCED3A27,B24535D3E314DFBF
AE71FB656C600587,93618ECA8C0838A7
DE564951F95E09ED,407B7FBB86B988B9
422F32CC7E56ABAD,2B9CE4B85D669BA3
3CA58F6CB7CBD784,FCC26BA7572E9F1F
CA4AC3EAAE46EC7B,21CF10913EBB8AAD
A8B6AFDAC320AC87,FB0CE0D8BB6531E8
A2F80B8D040727CC,BB18EA5F1620FF5F
E1E65CA8AC9C00ED,4063423DD6B86995
FEDDF04D62B8D790,57213F964A9AED0A
5687C7F05B39E401,CFDA317349B8ED8A
7CDC8C3B89F661B3,2BECAC1144990347
061CB768363D6424,CB546B3F6B77B643
FD325494792302D7,F2D01F1FC4E70556
4328652AE5769C71,A4D05BB46EA393D0
77A1EEC547E7FCF1,2E54D99E9DDB5FAF
F2D49816A804D134,B62977F11F1C9288
971DA0055324D033,5769513D3886F5DC
E0031D3C8F36AB82,D6CC8E0FECE4BC9E
42613035157E4208,F806ACF4599BDDBB
AAA553E7DD28A457,AAF6295FFB2DFEA0
48C2BED9180FE123,45049B4A3B83D806
6C38AF3693A69A91,1AB30A19F1212DFB
3A52AE588830BF7F,7335D739EB2740AD
97841634EF7DF1D6,04F334D40DE7B220
7BAE68775557AE0B,818BAE9AA774569F
26D83693ED99291C,16629E92C55D9A49
F1550C4BD22582E2,D451FD9F0D0A9719
5619BFA07CFD7833,4D68C1E97B11324A
A0D3E4F7AAFB7E78,FBC0D0806444F2EF
237D5336A9A54108,3B807F9BB6C23353
99B72C7ABDE5C910,66EE05995A4D4A82
3F7325574E41B44D,EB6DA9468D0C5834
9E30E91FB03A2CAF,1DC8EAC8393169D4
B80D8756B4668AB6,F523AEC50C58B0E3
8702416E512EC454,DFE58ECD10F98CE1
02B1F2A72E0F5325,E9CE2C2DF77691DF
211E95CE9903940C,BDF930FFD7942CF7
BE8CD9BE829BBEBF,6B73E47F4576B965
BA751764F0821256,6F434FDDC66E9B7B
9E82F0F362881B29,C27530889C24C040
AF9E59B1B1FBF2A0,AAA0836970CF02BE
A5E41FD83AD6CEF0,F8D4180996FA0FA7
797F9C5E661D920E,3402985954953C67
F2404D68CBC855FA,6ACFF9B807C63BBA
BA3D65906822BED5,DE8D704E3CF27C7D
FC18DB55AE19E046,36C0D9757EDAA8CC
D4793DFF3AF2ABCD,159DAD9C9C3E087A
D422FCC5F239A915,D4B214349C8E8AE1
BD605B8E0E18B3BB,1171BCC1B3C492F9
BAA045B4E42F3C06,7D68AE7B5B041BEC
E4E2FD323574965C,7456A265E82B99E9
D3CD6FD297AE87CC,FABF45630A359B11
517AAF684BB50CD1,FF9949B46A7C6F95
5549EE11FA22FCF2,EBA87F605C131B19
AE31E7DF9B5B132E,DBB5D5416B2AB402
7C06330BFDDA182E,CF5E0238EED8C89A
90532EDF0D2BDD86,66D8992485C9DE0C
EE53B14A19E480D4,76EC599745C1F9BD
4C61C75BEE8184C2,C95426A654AFD89C
E952D6431689AD9A,6120C3E46EE41B09
AA135F9482C82CC3,0031CE6ACFF2F400
71302EC70689052A,48E2D5FD4B8A6D4D
1632BE0AC1E62876,ABF632B9E519BFE2
302C91AB2D477F7E,EEAE95B4AED4ADF0
AAE9BE70EC7C69AB,8F665D0A29ADE78C
D2936CAB8B58FCBD,192BE90F907C8B59
DFE68C4B787E1BFB,23BA3DE663C9861B
DBBC7A2432524127,CE9A7A1762204A94
8EA86DF356801C7D,94EA1F8D5CB17C82
50C375537449F369,1B769FEF6AC22FCD
46718ACEEDEAFC84,A2F873ABD527568A
1201E8A3290A3B98,24F580E7FEBF3667
DCE97BDF8A0EABC8,D5F61E0ED1580516
92C360B5F15D2302,7A93219C3451ECBC
9D30687C57BAA0BB,3003C3A88F98C2AC
99093F60746708CA,0CEBD87AF6613BEC
960C9FF8F616E41C,73AF76B5B436689C
878C75C09FBDB942,AD74EA53C7C30930
D830567D88A1E873,55EED23DC4BC079F
6F4C85ACD641BCD2,90AEF504CEC79ACE
7B3703D2D32DFA18,5B0E6CBD7C611C82
97CE68CB032583F0,5EB620E783C4517C
121F0593E0A431D7,0061AA1825F1C72A
6501129C9E0FFA05,4ACEEE8C0C6D752C
8A4E6AC373666BC5,583EBEB5019595B2
8C33220C8D78CA0D,3758C0A3D7DAE8E8
0419B167EE128F33,96C8DB8274CBD326
F3B0E0AED097A3F5,998E6E243D95183A
D3E51C0AB8C26EEE,0CBAE25F5A61219E
9A83F5F9963775EF,1D2EEB05831CD818
95CF53B3D687F9FA,EDF282DE81A4E495
81DF9ABA6C83DFF9,F476220E4554B5F0
B57A49545BA53CE7,94D4A49E53F5209A
DE4C184B2B9B071A,D03B80D5775B63DF
032D49C5E359C847,E63F41FC181E9153
17F58B88D085DBAC,B69501AC5A1B3ECD
E135A9FF3F5D05D8,A97EFD0124D68AB9
0AD9E8F87FF7C16F,821EBB8C473B5AC5
26D99D5A82FD18E8,D0C9C21322F414B6
D201F3FF917A506D,634A5FB761BC807E
B9C362BABECDDC7A,C4EF004220364D2F
1A8EA222F9C67DBB,DDC9DE9DEA2EC37C
F9F2922717B819EC,1C0BEC67EF1D80E1
EF21A9EF089A2668,12F409221DAE2366
55A8BECAF28A4EB7,A428AF0BCAADC64A
9EC8858184CD253A,704D570E2D97F563
AFF47709F1D5DCCE,DB00D15435DD3627
84A810B375E69C0E,243172C84C6C38E7
A943FD1722E11EFD,0D26761593FC9CAD
BA9749CC94C1FD85,6E8601B7F95F1BE4
E8853FBCE7D8D0D6,BD62D1917A5F8DD2
32CAC93C9DE73D32,1FFD908A6547D0C7
6E0A5253375C4584,3F4ADDCE584ED2DE
0B8B7F74BF061C6D,821A09FCF7D18676
F11F01D98113536A,BF2029500A5864DF
33D72899E24C3365,D9E6A20518FF976F
DB4EACD4AD0A5D6B,05FCBB2D6BF4C399
BA7148484BD90365,386C67F2B8055D74
E7DCB5B874BCD96E,21300A5159EC89B1
0E4C749FF9DE9CC4,DA0C49A6D01B065C
A0A9668F158129A2,EC92E04062037949
7085228842B13A67,80B82FD1974E28E0
317EBA71D7543F52,514A976A99458342
96B1361D9B24C2FF,2311DD7B841CBAB0
FC859E2374407556,4AA05D0E8631839E
BAF107B6BB2C97F0,037D8E0CFB994CB5
A761D4AC6115623D,E71BFBEC53FA2601
9507D4271988E1AE,C547D58DB56BD8E8
D5BB406F4E04019F,3F06BD0C544583A2
E7B80E2BF9D80BD6,C9327DBF3A6C58ED
A6DD8458CE24012C,81EA8D0E3B51E01E
A628A745E2275C5D,4370D48F809E512A
6E176F1B18BC0637,85FE98B030EF175B
B162DC95C0A3317B,673199BEECA61201
524EE43A37232C00,5BB069F5430A3866
81AA4610E3FD3A69,4D59D2308EF2E1CB
763B4BD305338F19,758CA774AF47E610
7BF1D73DB2ECA492,BC500A1063E726DA
E404BFB981665BF0,A1F8BFE155D4C8AE
E23ADC6FCB1F29AE,BFE7DE6E6C2D0824
DEDF1C8BD47C2200,B9F2388FB32B8D40
ECC01B7C5763333C,77299F3A2E302D50
82377B65E943F72D,921B6565C9D63463
1D6A14F1F9A736FC,C3F1DAC7D0C05D0F
9D26502BB97BFE62,DE82EF1CD67A076F
407C7F91DDB46C16,12A99AB8C26E3AEB
7B718E197453F2D9,EBE6F36D9C6FAABB
FC695459D4D0E219,8E01EA82E83CAEF2
F49E9A9716A04595,E2EF8DE478A37752
D3D15555431AB793,A700E2BE6F531543
C401503DFE8D53CF,3FAC20807B650B4F
AFC7E5E075A96F46,6B59206624FACF44
92AEFB5F6E294023,61918AA39871DD2B
DDE23F30CC5A0F03,9A1487081C0EA57E
01BA3AED21C16CFB,971F41C4C5255FF8
78F0424C34306220,2CDF552D5D61653F
12B6281B6C6706C0,571BF6744EF52906
1CAE5D2E3F9A07F0,D53940B2D18417CC
276B6CE369C33678,29DDCB8E40A160C7
2CEA2839313C09AC,4C4EBDF5C0D2DCB8
7CCE5C737A665701,C9CDDA3F4021A8AE
0AE4086104E067B1,8BD492BFF270F7E9
C4582015556D1C46,A5F854EED2C17AE8
F314CF4F0211894E,39D1B4720FE6DF76
024A60DEB0EA69F0,CE141012DABC4B08
1761DC5D8471CBAA,3CD4A5674D4CD9DF
372EF6699146A1E4,8ABA11AB6561D507
F0EED5A6BC7B237A,CC336B9652449E02
CF463D1E9A0AECB1,ECE27E90547055F8
C4278F70131BAA6D,EBBDB760157F61CF
78857FC65CADB909,2A385285C52FE593
CB3C68ADB06195DF,7FB040F6A7F55C65
870DDFD5A4A796E4,47807D8CD55F1303
C7F29CA00F46350E,17B67CB0B24870EA
701FDA1E82076BA4,AA1CD31BF328BDCF
D9B71952F78A2640,8F01898C54A1602F
A85A21582451E951,93CC9B5D8F7A326F
03C27E13B42A0E82,11D091AE156E1653
E45B7F222DE47E09,970CD43622925924
267C78C60E806B9A,B10D331AF5A4D8F3
61A3DBA14AB7F411,F64CCD2B361895E2
1A092BB0C3808B96,337507F493AD865C
E4B5F4BF2CB24E65,06332363F8F14D77
13E940F88470FA51,7567983D73022C17
632E831F382A0FA8,9212422878EDEF69
5486A79D9FBD342D,9B357607D61E8EDE
F35425A4204367EC,8628E9EF9EAE6605
3FA36981311FA4FF,5607401B1908D7C3
4CEBC1ED31E8925E,1162BE8F8BCA45AB
BABEC9E69A91C57B,06D69059DB3DA20C
BF22E0F32968E967,EE4E07716A206EBC
BC74B4BE25EB6C8A,E12DECC9CD8EA15A
634148744F385576,415928DF2EAAED2E
D8E694757BCEA8E9,0CE5010BE96B84E0
1DD1F58F493F1DA5,D7295BAFDDC65BFE
291E373D483E7EE7,C05DC8484A6BFDFC
6EAAEFC76ACC311F,BCE80C1BFB032685
FA7C7F0AADF25D09,AB8040759C003B09
3599D741C9AC6310,5A5140F48B41FF3F
4C2A9FDC22377075,237C9D64A0F94C79
4E417C547182C84D,5A41C58285EC2667
065D03A9D6B2C6B5,7294B9962A2BCB49
09693B0312F91649,75E674AE2B22AD08
4FCD976DA686580C,12AB0EE619CD5E97
0A2E9FDB9A8C62F6,56E8586DBDCE6FE2
668FD40BCBA5DE48,A501C57DEC0914D4
A9CBFD40B3FA3010,661C94C437A05CB0
16EC4839969F9F5E,D4C5E892E2E71D05
7FD8F3BE76F89422,3FEE45D087950D76
A08FE5E49BDC39DD,31A051E72DD399A9
B45EFF719D8427A6,D59A2B31F6A6CAF8
0032A6DBA562C518,DF322D96F7178BDB
031E11F3D447647E,D86964DDD0885499
0BF3B3BD47D79C08,A85574BA219BA185
0D30EB83668E63C5,7699CA97CD34ECCD
170F541E1CADD1DE,4EB1369B70C19488
0772DF77852C2E30,D1540D162A263705
F30980718C8ED876,4DF58B7B15FFA2F7
E547E9114277098F,04C87DD342542625
279F08B1A4B29B7E,07C2962447C9CA2A
336B3D200AB007CB,41DAC3909ACCB648
2CDA538C44C6CCE5,3E5BA73CEA34D768
CB00196B31C39EB1,13F65543CDF24793
867458251D47CCB2,27FEFDFA220EBB32
952F06BEECD775CC,64DFC253243C633C
2DA41ED6E1FCD7A5,142D0FD7E42F719D
63F9EE203C3619F2,B0339D553BD19B75
B77D05AC8C78AADB,FA657401A11FF221
71B0892EC081D60A,1F7ED1C13023483B
1DDA078D12879EEE,78683FED1CF3DDE3
5EE5632F47AE9695,94714182656D3835
43FEB945EE7F85B8,73156EBB4802E831
816562BADFDEC83E,4C282482B986CA53
C434133D9BA52777,82BFA44CC46FB88D
43E4111189E54F0E,CF7E9D7EE2349689
F6AF6CB341349015,22BCDA79AFFA487A
44D28D5DDFE5F68C,8F009EEA60C6F8F5
E6CA85E7259CE16B,4F040A5AA81F7745
E35B38A27E8E7179,64DBE25F624067FB
1AD5B71586B94820,08F338D098BF714B
711794453CFD692B,BDFE75285AB78B69
4EBB7E87AA0DBED4,07B9D0CCF319DA01
8D768602ADEF2245,B0332C7BBA1832E5
19D8DA0E5A68045A,B93CE5FF3635FEFD
A21C118553BBDF02,033D1A98DB828D83
C56FBF2F228E1DAC,8AE4531693C890C9
EA9960D07DADCF10,41CEC7D73267EF3F
CF8BD3B0BD6D42D7,5D66B6490FC7E937
C9B43A33D09CADA7,8E5F00DE1F5A879B
15CFA549788D35EF,2785FE2E1CBFF018
781DE8FA214E87D2,01416851DC32958C
8AC862B0B32C5B80,10AB34B5B238C288
3EBEAC6C3F81F6BD,C672361A39460775
6BC0ACD0673ACEBE,297492CEDE095275
4927FC39CD0869A0,35EE8BE28AE0C86D
0B565B0AAE56A0E8,9FDA8C53BDDCDF38
A87B2335D12531D7,B6B7C4FC66B4A8AB
E50384ACC2C3DB74,9C1A8030E99A269D
497420E022796B3F,8E2F288B1BDF9EC6
66B57B72E0836A76,1233D1F2204DE71D
55FCC0C390620314,AA7E522FFB31B2B3
7D6F9A3EF26136A0,51D29810E2319A09
265559DA40B3F327,55F27BAC7AA4268A
6A1738B4323FE2D9,605C62FF615A82BB
127DE7B20C60A6A3,C41D8536E6C7AB54
32888337579A5970,7ABC6553106F8B81
BF72910D0F26F025,F5515BF3A06E8B91
247ACBC4ABBC9D1C,B8528B6943DD6AB3
00E73468D085F745,E985910A96829016
6BCCF9948492FD85,22FF5DDB609C86A2
A3C53804BDB68ED2,EEAD86874F1030B0
5DB660B38DD98A31,51B9F37010524A02
C388A0F065F5BC34,41DA9E172CE3E2A3
4348BFDA56023A2F,616FB27502322769
4334BC40AA0CB4BB,01214190405F438E
FBA550EA44404EE6,0201EE6F15BD3F23
CCF1E97BEFDAE480,C83252B7627E1711
494C8FB299290269,06B169AFEE356AD4
9CD43EEE12BF4DD0,1E0A6E4148A87B0E
1D5F595CCAE2E238,A37E4224284E452A
E0E8BEECCA96BA31,DA729DC5065773A2
5F7D596BAC2E7777,E27B43E56097B31E
5C0DE367AA0D911C,45884CED13CDACAD
9DEF883114668116,CC4944A45BF68267
2B69F5074C894811,ABD845EBE246A2A8
99015ED7DBEA5113,4A4AB27245D30BB1
7022BD828FA0B082,7C25F5BCDD3E96FF
D718A22995E2B4BC,4D63B727F53E09E9
E16142B94664DEFD,A4099DE1318CC227
C361AA040D6637A8,587EA57CAF325AC7
4056EA1105F5ABD7,C083602F50680BA4
FE205F38AAA58E5B,487E714EBA43B50F
4CACA84440FA26F6,FE475C49222245C5
83660B734994124D,A0C4009A98ED2161
E22D8FDE858B8119,E6907D2E2D8505A3
2A5E0621DD815A9A,04C294C4E7154351
84F0F13120B4E098,D37A24583365B8E9
32CAEDF24A583345,7F8C42905CE3AC40
15F944730C832252,9FF2677053B4F2A9
815F18AD865F057F,D28419A1DF39B6B0
D45B1FFCCD52FF19,EE46C75CC4278490
B8ECD61F531A7B02,5B48B32DCCB9B3BC
75A9A10948D1DEA6,E272FEA6C88ED136
7A983AA9DA2659ED,A3F889616F181A2F
D3F2FFEB8D836F52,0F0BCF26721C4DE1
065DB281590CEA2D,AB995AEF6AF44C1D
50C1B2874E50C114,276A552F293D03F4
C0C527B525D7CFB5,3E61B2932398250B
8D2064E5B64A628A,D455094EC5178A83
3E5AE19425CD74BE,8681C47D516FF796
031C55ED33227371,BFD34AAE952D8C39
1186940ED72FFEEC,094E93246CCC9103
06610343E73B9727,4DB1F9BB44AB31C4
78F06F6B1FB5A80C,4CCB328F9DA8E0D0
3D2FD9E763B24472,9AF0046294647722
B6B9DDC412FCEEE2,41140BC7F2CD52D1
3FB99A8B08D18FD6,D9203CBCEC2C0A1B
DA5F8727EB75B926,F87E67F857B95356
B552929B85FC27EC,AC4758C45E6AFF0D
2F137B508DE238F2,7B6CB6A99A59E190
29682E2CCF21E9B5,5A375779AFEF3491
0FFB3C758E8C07B9,FA03406E21D86D40
AB13A5565480B6D9,64F37BCA46003D43
9EBC85ED0FFFE51C,158745943C39F680
919B3C98ED8292F9,F7B1039C59A035F5
5C48B75732C8456C,F1E454844FB9EE42
711327CD09C8F162,155BA90FAEAE7861
7583B4BE4C5A41B5,202529B96398EE1B
2CE056FF3723F00B,039EBE516344FAAA
5A47B3B5E63E94C6,0B24C180BAC225CA
2BC54A8188768488,B79FC8FB1129255F
8423541E8B3A1589,D0A831CA83D07846
3A6867B4845BEDA2,10643A357794B3BD
84EA99C62CB3EF0C,5B17CD8C89FC51DE
352E2B5CF420BF3B,577BE43A512C41FE
4B5CFC83122DF602,361F388EB9753ED1
AC29253EEF8F0180,197E42755396E838
C11C18092C5530DC,99E30C16BD6C3847
144DA052257AE7D8,7157F95D1468800C
1F922734E259BD26,411F46E7B93E1221
C6EB449E33977F0B,16C37952C76894F5
D5B35BEA41919ACB,E2E3C8104BBF558B
C14BD9F5337219B2,42923E7C99D8B62E
5F61EBBE1A00F96D,1DDB793DF6C05751
CB968B53FC7F916D,F88A8B7538A14EA4
B07D3185E11657A5,33FC825CB31766E0
2F057596F2BD0061,586D916147C03659
4593CF82AA179706,389743F72E1287D7
27F76CC6C55AD30E,54E8D3B72833CEDA
A551BE18C11A476D,9F99D4EABFB00DDE
B45085B721EFD38C,E8081CA6DEA50F3A
D33DAA36272177C4,B0BFD6C5F97F4E08
BD12C5EEE184C337,98E94A93D7CF5AF1
AD7E85FC227197C4,A5A5CA8676156FA7
5DD35C8D074E57AE,1B06AE80EAE48AB7
C6AD107DDC9054CC,D51BCA685734D511
5AA3F878A178C4FC,939216F3B74957E9
A132FB5370554DB0,71AEFBCB34DA1049
29439776AAA00A62,A359F4D5EAEF37AA
D29334ED1A256DBF,4C6F5DE975BE68CA
650A08A280870AF6,C86191BBB4E2241A
651D3228960D08AF,DD0CBE69BF0D526F
741A3D8380319A81,503E3BFF07E32C3B
2C8DF5D129595281,DC84908803DC13E0
2B1813ABA29016C5,F7C860BB63820258
0379DAF89BA09AA5,76D70166E6CA3B9C
79C0E43EB9B944E2,E2DCC930C9477D8F
2FA3173480008493,3250879571891DA5
04D950EEFA4EED8C,8515D1B64C4225DF
70D2CC8A542A973C,190AC5629FEB9BDC
7118E83EEB9F7238,8E2A1D3E583ACD57
6805D58CAA427B72,BCF9A39ED5C12C34
8E17DDD6B9D5BF29,425224C581329C44
63606A61DE68898A,748F5D0FB38E6165
338D9F609FD632DB,64D5E0819AFC3C14
92FC0EEDFAC04A14,AAD39FE65EE3DB8B
1DFEDD15019315A9,956E8585F7664480
7242F8B741CE1086,DCB30D6FCD1A888B
65E7E78842E74CDB,065C4AC221E84405
E6A9F00D4240B519,85ACBD340B3DA2BF
6731DE84A38BFAD0,05FBC8C35F2541BD
E787BF1C5CF823C9,B45221B1FDD47C35
CB6A7C3BB17A0C67,E27D9296FC2AC036
96DEC8D5430208B7,22BB30159A1EDCA6
BBDF066252829606,44D7AC8A9361B455
113D2C5DC57E1774,DFEBBBCF22115AF0
271401846BD26E92,8719C17522DB60A7
5086C7843552CF85,80C402DED399F70F
A2FABBE87F4BAD82,71FA2D5F4B42ADDC
C846A49785075976,4C917B0A2079C3DB
CFEB46DCD7D8D5EB,B241CDFBA0C015E7
68049AEFF83D8F0A,197093DB247AEAB5
53FA83401D9C07FE,B7FB8BB4324CEE57
520F3282A53D26B7,583B24A049440101
292564C735375EDF,AA0388A540C6A667
C571D0E77D8BBC29,782D9837034A27A9
EAA572036990CD1B,5C5A01617B7C3D4A
D23A1A815D21DB19,342FA983EFDCF87C
C95EB1DB6E92113D,C67DA40CA8162F2E
A41B6A43642AC2CF,1C40FECD2B1ADC72
A6575914D2A0B450,C4D907B00C2E8368
EB3DAC2C86001E5E,A5F7333B2B1BA9B2
BEB3D46BB7F043C0,F0579B4777A30896
1F710BFF7DAE6261,1A7786DAAF33238C
77FE3402004CD1B0,892F548509B863A9
BA9775570DB788CF,B0B4E62B0960B28D
E8A25867FBA3B05E,5EFB6245D1251EDA
632B2940C67F4EA9,4F7359A5B79A8C65
9C51349BE6CDFE2C,07AB8C53F0D76F02
58A651CD201D89AD,EAE1AF477F6A275F
9120E8DBA3D69273,561E884F17F3B19A
AE4E8157D9ECF087,C34AC094B6EDF9A4
B9BB18E2C40142ED,D54899846E0850A1
8EC74CEB042E7CFF,2AC25F1D790316ED
F04C1C27DA35F6C8,68002870F0EF2AD1
B5074DB804E28CE7,1F0230A9743E2AD3
9AA46BADAD0E27ED,F08FE90569CA1845
CE86D8191B762107,5F451CBA22BC908B
5B4F04F19376A0BA,FF47446BCCB6E3AF
C080FF658B2E41DA,6F85190262F12BB5
042E4B70B93E6054,10C3C5B6A801C599
DCD51DD8F87AEC5C,E8C1AC5A90BA3636
A0F93D5465B3094D,235110569A42EC48
34770B9CE0E03B91,03E204E0FE6D29E3
88578F6EC36B4A3A,D8E1354FA73B9C12
38491439B6BA7F7D,F6C7A5A21FE66C97
71B008056E5692D6,E8FF84E6B65800A1
BA2C7DB0C129449A,959CFDF61FAE6BC9
AC392C8483342AC2,E51580B6E84596E9
2FB19228983E832C,475CA10CECBD99A2
A31FD15197B192BD,E368706564BE90F6
7EEC7E4F6984A16A,7567140AEEBE24B9
E662C8B759D08F3C,78EE0531704D6DD9
5CE587FB5A42C8C4,6D488077FC7AF376
5B17A90291133DA5,08918C6897982748
FEAD16FC8F9DFC0F,77C93760E03360B2
E66377CDDADA4810,F34B0738F8494770
ACF57305B12AF907,CC0AF533DD744245
C1F1920BAF281317,A6E0F3D3B283CA5B
E73092F4157CD126,A3087B7887F8649B
F12E33034D887F66,D946E6EB2733A43B
E84EB93729C5F36A,582FED7D44038F71
693478ACBD7F18E7,116AF1D341C50DC5
308F96458B7087CC,4B13D06FD764E37F
8BD6C6DEA20E82C6,8103893E84E393C0
487EB90B98E9FB19,CFB46930AE4B1729
6D6AF961B72728AE,3650C929A10F0EFC
1A8E2C8B9CF4549C,CB0971F8681D6363
B385454F8791F57C,9051B921FC6F516B
29B18B4FD460CA8F,9FD2A31EE1AED2AF
1C1B69FAE509BA97,E05E39EE05F0EE2F
858EC9FD25DE04AA,665073F334F6F647
06F43E5175EB6D96,B878C9CF124CE441
445D79F995508307,515AFA9E2496A34D
1DC9B749E7AE282B,A6A0FA7F001A72FB
344F393B027E38C3,658354283ECCD8DE
2CB0075110BE1E56,FEA98B8766327B98
FC00454CF60B91DD,689DBCAEC2F3E760
1C491717107431C7,ED45A225D37BD239
B5C51B5502E85E83,09C1414CB91476A5
4E20D2A627011E8E,47DE5E87A1AC7CBD
D565F438137F0E10,BA24FB310A0AF4B6
5D1E75F91C07DEE5,29DD5F01E17882E2
8968D4D8C6C40C11,C5CBF2E2DF8B78A3
158C16F5E4CF41F8,706FE563BE202EC9
FBBE0570EDF39D46,2014FE437BB4544A
0999F3F090EC5012,1DE4639F7473667B
3BD101471C7F9EEC,E15BC3017DAEEDEA
ED44897CB336F480,A025CF94245C7BBF
4F38DCA127DAAEA2,141069688E7AD83D
15E33297C3E8DC60,7FDA3409CBEA9BC3
C64A06D939F826F5,07272A9E5B67C603
5F048334B4A4E774,369CEC5433299F67
373EF409B82697A3,93E4B869B1365F01
44AB0B3AFECCE242,B50F5EF5ED2A7BA7
8634CEF2522D987B,F519A1B1B7841DFF
5CBAD97E059E1B94,B6D68BD9EDCDD76F
8FD89A6240813FD0,7AB7B929AD32440F
35124302A556A325,924B1AB29F57DA48
B26F670685631727,8A748BF357F6750B
6AD0BD5E087866CB,F25455BCDC1F84AB
3E65CDE5215832C1,9A902750109547C4
112209CE0290C03A,D3647FAC74ED0856
ED5FD7AF10F5E262,9DA81F0CE2DC60BA
F8AD2EED7C47E8FE,E3B1741792C863E3
D80A80346A45D761,378F13F1637D5FF2
DB663CC9FF3407A9,AE615D14AD94D3DE
23A3CBCD50D54E47,326D4D332D1DD1A5
103991D4A307D472,628E78E73686A5A9
759E13EBC1C15C5A,CDB8372251D2B328
049F059625058A86,9C5B31105C010B47
30432A0118736E00,BA4FC3036D9EBD15
13518FF1C6B28938,A8AC96FD8BFCCB20
0CB6B3446855B57A,EEEBDE8A9B2394FC
AFF33B1178172223,7D19037F897BA7D0
C1F6EBF9A3D55538,C91B5F87CDBA7CA8
600048C60D5C2C51,7AD551F717F3C168
DDF73E2B1FEC5AB4,ABFB8A2AA9BEBE01
DC9DA9E8789F5246,C620F17EC4B6FFD4
97DD4C5944CC2E6A,A792DE8F1143CAF4
7669F9E39DC17063,3326F34E011A3E38
2790F4B17D098E26,640D58BA02AE994F
82CEDC33687E1F50,1BC7A425D69E84A9
F1620ECB50E01DE7,DB2FADDC0DF0CE66
2F7CEB6520288061,0E8766AFE49CC808
5BFF36D6ED83E0AE,7ABB6A57FEA9E35D
13C4B962653A5280,D3E7A454CADD4E9F
72433699B4E6DD64,1EF10815F16FABF7
9E23B1777A927DAD,1074C22A1D0F9011
444C4525ECE0A4B9,481449BA600BF48C
6A5D89D7769A40D8,03B11E12FCFB58AB
58FADDED207897DC,6F58CB684B3A13C0
F46A1E03E8755980,BD33D1F895B73D2D
1454F2448DE30163,DA025166B7151B37
A18AFB39081B6A1F,5AEC787E73C88D03
589F80B325CC82C5,43AF54C532A80D3E
C01E93FAC20C3346,3BEBAA66F6365B04
CC3FDDED67BCFC63,6E9EADDAA035F46A
56105E599CAB0EFA,D0F699EF711D76D7
FF4FB7C8CDFA3DA7,0DB121F7704FB9B9
A7E4E2D361C2627F,C989F1486A09B933
472397322E92A856,0583D21CAF3E0414
6DDBF9DFFC4AC080,2D278BF73CA9446A
338D2E3477711050,D40BB860F1299B57
F56B8137DF10135D,3EF96E7058EDBAFE
172AA1B624FA1013,EC37EA74A17D9A1E
A43D5C6FE51ADBEF,EEC9E321329FBFBB
03F1A106BDA7DD3E,6554A8CD16C37933
771ADB0E7635B7BF,AB1CFC100F084386
DF2E1F7742402E81,9DBD750110EA2B41
380B4968D1E09E55,50555DAE82AF2AFB
42FDD0F017B1E38E,0AF04716D74DE278
131D401334815E94,73E0CF006385B59C
7EF7649B64D7FF10,6197EF56F56B9BB8
D9F8455409B525E9,24CBDE4C2EEE441C
F49B58631D9E22D9,8EF43D7DBE009D96
252BDC06B73FA6EA,09FCE4B90C450212
9049FE339D5F6F6F,334435E3E64C4E90
20FE7FDFEEAD38C0,3675641E867C19AC
846BF6291198A71E,CABED3A5B36AD93E
006E4B040ED37EC3,3FCD7CC0DD8729C4
8DB3F12A02CAEF72,95F4204438EC7CB9
D8C3BE3EE94CAF2D,514DAB4C526F2621
38C1CB1CB119A016,A5D4FD0055638340
4BA166079D658ED4,7172396C42DF80C7
483ACA1176CA93F1,669380BF1CB76943
DFBD93BF2943E29B,58889650AD8A22C7
66C7BB2416ED3FCE,E8F3E4F2388876EC
D4367D310F079DB0,525220B07E34522E
90E47239EA1980B8,DA69BBE6D56F03FB
673ED815D6E323B7,5990DEF1C554658B
85B6C850546FDDE2,163C74179C49AECA
190428512B240692,B21542C3B2A23670
C531EE8A1145A149,7CB10FABBA4D5F41
504DFE62A1692296,9F2ACC43C6ECA22E
1C9ADDA3244A1FBF,90E0430E6CB448D5
F239400E16C23E08,AFCDBBD5A2FA0F4D
9572BD4DD6B72122,506EAA858B8C1B10
D05A3241B9A86F19,E9EC64F61CDF2865
845BAD77CC770633,04DD7CE0F03C289C
621C6E4729388E41,1A6E6341672051B5
425AECF167663F48,D89C790202174B38
62374889A4D59F72,D69961AC74E916E3
0F42323798A58C8C,E38F2D50345F3C24
A6EEF01087181EDD,D95F912C71AE3EB5
D972DF67326F966E,9F92F8A1719A923C
1178E104409FE58C,CD252220138E0935
E0F82D68C7039158,8C77E25FA5FFBC6B
C7BE335216B5EC7C,03546D1E49984C8D
65482BFD0923C8A1,4D840F1546BC9E99
971D7B15BCDBEF99,149C1BD354486280
A6928482543022B4,49783353F325DA92
7196842CB375CDB3,A29F0AB6CCEE6A3F
62522002E0C391BA,569211D196975C01
715135F4B82AC90D,60533A83B4AD1F5E
D57AAAE0E2214D11,0975E2E6FB795E87
9E4CFFF989258472,ACA86FC73DC40E96
0E21D3DF1051399D,A42938A8392B09A8
9768CF648F54C804,539023A06825D1ED
C35A6D07C93802B2,CCC5A7A0013D16A6
9A8D700A51CB7B0D,5675C422E6519C64
DBD2056652689917,EEAB7C978D615172
241E289B5C059EDC,9EB01DDA32D7F403
E825F6B6CEA7671D,90742AC709C62DCE
9CFA4896C3A53CBB,6D35F51EE0084769
125E6D638B8605D4,265C73BC4658C956
3B2FD68DB5F8331C,5FF3FC5E256DDCC7
32F34FF7F617643B,84474F93DEB68E33
D04FE6765D990A06,D434D640BD7DCF2B
2916A928514C9827,B1483311BAED1E01
E91F1B65F2B48D57,DBAA44790E407312
044DBAD7A7FA2BE5,8E89F0A86FFEEA0A
A071E0ED98F91286,F20EFDE84DA70D03
7368E683BB9038D6,12724F39B05BF05D
11579D940949C49E,FCFF477238F043A9
806058BBDC136E06,95D1A2308D597AA2
FDBF4CDBC07E1706,A831E89DCF82DBF4
547237AA71AB44DE,3BAC5DD5FCC905A5
B1252E3E59A82AAF,3F54E610A389A589
F54BB7B61036F335,35C9FD2270689E6E
0C1C5D756FB5F337,1FE2F14117C59281
1509C089ADC208BF,04F95AB31C381DDF
B721981B2B939E07,224DC27751363908
966DD84FB6A46017,BCDFCD39B3A03C1F
AA76052DDA9BFC3E,1DE4F7D5C80DF527
9AC9CCBFA8C29795,FC426889440E01BF
2615AA2A695930C1,2357EFC0E577FD4B
9D060B08CD63321A,A87F793D79B7549E
A5F377B175A699C5,090BD08D742ADEAA
F03755696450470C,7452439CC81F5469
5FBAE526203990C9,C40253B7AD8F8141
CCF71CBDDF5B6CB9,B6A0570F8911B3C1
6C4D0409BA1A2BC2,74A693DD3506B353
5C8B2F450EE4328E,F19CA9857B40C435
D821056B9ACF8052,590609DBAADF5EEE
2A69FFD1B42BFF9E,CB59BED06C8D8623
8D67489793FF428B,5C831CB7BD2C601A
A8A7D434AFB4B97B,3D4633348EF0E4AB
2ACABED337622DF2,6992180973A1E266
E6869BECDD8F2403,559B06B6D67877B4
A77DC70BD689A1E5,B7C1D501EA4AF43E
D2F1C53C97EE81AB,E40F1D4171D40174
171BAFB3C60389F4,86F91C49389050E0
32C7A7E8C43A1F80,E5A1E4E094971D4D
06FAACD625D80CAA,2B032BF73ECF002B
A7092AFE81944852,AFA5489C56FA91B5
1312F4B242609CE3,6CD3852764E3EC60
98C3CF913D895111,CC936EC8BC787333
0F62619393661D6E,F110FD550466AF1A
402F9ED62087E898,F5195738B4A7349C
FEC9A3B1820F3331,3E27503FDE03009C
B50EB4CCB29704AC,2E4A2ECAA4BD1F7B
C67DB108A9ADE3BE,2E614A2AC61C4B49
C22B40579A498CA4,2039D7B22C1C05E5
76D26A22750E849E,BE67CA25E182A32D
B088E9A47AE6EDD5,EF26B061362BFAC5
093D6DDCA5B8FBAE,79F81BE872570074
3E71D0B300B7AA79,E767467C4AAD68A8
6100B3CEFD43452E,808C2477658579B6
C1805D05E6D4FE10,46ACCB4A86ACE5AA
F2A1B2771A01DBD4,575198C9652239CF
D0F64B265C8C8B33,0A0EDA6028815477
5BCA583A583194DB,0E2040B2743DAF82
CD4D66B43B1DD28D,86CDF11CD7B32DF1
CB7CC0D58405AD41,0CBDC3AA5184BEA0
4DC416F246A41FC8,964D1F8762BDD72E
F6829842C06AE524,C44700EBFFB89827
ADF7BE450512C12F,058E0757369EBEAB
CFD778E7904C255E,1FAD7C59AB24A0FE
E5810AC70602F2F5,828F1D6B5FDB9530
E82728F0DE75D13A,D33BEB6D1039A14C
D1C9B92BDD3F151D,DE604ADDE4140C29
B0AD1238A709B1A2,626F71E87C942957
E3EBAAE484798530,62B35ED15B4DF479
26C10ECBDA5D043B,3AAAA0D47FDAEFE1
F6F5161F4534EDFF,82CE98309332159E
7241CCB7D020DB69,0536E9AA8DF8D769
7A73D05A607734C7,41B962F38B0DF531
35BB21DE06784373,537140C6FD687560
1E09C32048FEFD1C,9C1DFC7BF3ED9A74
5D14D4154BFE7B2C,84418AD4000B0403
8586789730B10CAF,EAEC74D0C3BE5CA5
6B7E4FB50D5F3D65,CC29ABFF6ADFDE69
799017F9E3B10112,CD974ADEB6D19C75
CD74233600C4EA6B,D617E992DF8A305E
C2D2AD9EAAE265B8,4AD57C47C81FE886
51AC07A44D4F5B8A,A1B870A535B098D5
8290252FFF36ACB5,DE24858DA0D6B7EC
CB0360EFEFB2580D,75AA4A2F7BB7CEB3
DFCDB14317A9B361,4E1CF9E6DC044F6E
53C31853EC9531FF,E895584921D5DCB3
1A0D4A6C336B7BC5,75C657917FB4003B
2D7A9B577E72385E,B1E79F9A1E81311C
830C3A44EB3F2CF9,63C4B5C08A6803B2
D8AFB345A9C5CCBB,347A83B3F61970C7
320C35147D5B5DDD,1CB9689363D61451
0EACDF8487D5155A,25A7052BD3A74454
7D8BA05688AD64C7,23BA98A349F4B91D
BF371CD2B64212FD,E68A21B882B190D2
316DB59CD14C1774,091644086E892B74
203B381133817079,2DC4EB12EB60F277
28ECB8AC2F607DB2,885822C4003621E2
5702B917B99DB1CD,370AC696C18B193A
6EBFB22D646FFC18,97F149F09AA42962
D558BEC0BBA7E8D2,7C8C7A5FA7D5D710
EF56DBABD3CD4887,BEC5BF9BA5BB795E
F489B44DD5AF4BD9,35EC44D3BF89291C
585847C5E4E11709,6751E02F374B4CFC
39D22031557946C1,C9F09853CEEF29AE
92922A607497B14D,1EA7954E8B7A87AE
DA62027C8BDB326E,55A2E6FFFE7F7725
CD79A550999D7D4F,0BF48192C800C0A2
DAB963831DBFD3F4,0F8A91E68BC727E2
B2C086CC1BF8F2BF,091D4791267089F8
5527B8246FEF9B11,84D40903BD31E81F
117C70D1F5730B5E,D9090114620C5877
26AF0E8E30BD2A2C,0D9C8D449139C23C
14590DDBEDB1EC85,88691DCECBD2770C
36B77BB84687C318,D0ACA001AE759042
AC97AF97FA68E5D5,FDA02CEF7BB76C08
8817605C2BA76200,78A215BE4DB6B654
BE509B0A3693DE8B,714E1F9244049E13
CEA553E35C2246E1,386E1611B601A647
792271AB35C356A4,55684097D0396B57
CC25A4553DFBF9EA,E0C7B6E3DB23C0A5
8217FD371A4625CF,0B78271F13F30C96
F401B182DBA8AF53,F7A72A2EFFA282C4
AD73CE5A09E42D12,13C224A1EF4C4CEF
4AFF7E02E485E92B,CB8CEA9D485EAFF6
FE43368D2AA4F2FC,6FEEF299DAD23D4D
DD2238F57B977751,EDC8EB71BDF5815A
D484BF71050CA1EE,41059522A813006E
0A50D2604E05CB94,C0BB049611C513B9
0BE73DA6984A6E33,F94E8CE19D4205DA
C927EC229934AF60,EE6C501F417577C7
015B03EE1C43E6EC,0F6F4E3FEB297CDE
C32EA7A2F6CA7557,F8C84EE292202A42
729E3401F0430686,76B31E07F5692BE9
0299FA38396A4940,8111E2AC5F40AF9A
5FD1E1F011E76D7E,8C74DB57A6F523C6
FB18DF9CB95E0105,CBA7D7A5D703143B
6E16BC2503FF1FF0,EFC7485122683888
88EAEC617CD26926,0799E3D16AD1AA68
EC9264727EEC0F28,97B4B7B3DC70018D
41CA5A33160EA4AB,68DF9672F12076C3
14621BB1DF14E2B2,9B21206C33C27B06
58C21165F6545892,EEF1A126035A3F21
A4DEDE28B1814289,F5523FE9CD935145
EBAA9B64D76356FD,273CF7425FFC8B07
21A1684A25C2867F,DB93FF2530D06BBA
E9EA16D6E54CDCA4,8F930983ABB3ABAF
F2F6A2FA49278625,172956A7D630B49F
59C16B79F53B3712,534A78284194028D
4E72BBDBCA58A3DB,C622E29936D655E3
57E4C39DE5EE8470,966155156C573F75
D7591B0065AFAA7A,99D0470B6F43A321
8386BFB614D06749,945FBB15AF3D1A75
2FA9923062DD396C,BA1F9FEE8D489B84
FB6C4072E9A32E92,645FCD2F12BF3022
33DE49EDF4DDE77A,B3FBA4E62C3215E7
B8FBC8B1330CA9B4,1A7BC5B59D4A3171
F7F9DCCA89E7505B,F6BB7F22B7DAFAF3
0581730AB9380412,35B69CA7D039EFCF
218297BF0CFD853B,C6F23A13F7502DC2
2467A2D807D37CA3,63342443951EE4F9
0F1A4B45B7693B95,36BD33135ACDDB37
5873C14A52D74236,58BE94140CB54801
A277800A9EAE340E,85034094C7A1FC89
629526ABA383BCAA,F866AAA65C534174
98E2BC1CA26287C3,9F8755BFF312A639
706B5EDCAA7FA663,E6E77D31048A4CC0
A2716D40842EAF79,B8705AAD47084011
D79185689F8FD5DF,1B77A75DE179E7FC
C54A08C85AE4D410,EE6F4CCD0FCF9E1E
578C752848ECFA0C,B40E07664E24D9F5
FFEE8FA29AB9A18E,A1438BB696895072
3AC1F7B898F30C05,E03C640D3E1BE2E2
2B3451FA1E3142E2,54EFA0F75262A2D9
C265DF9FB44A9FBD,EEA52AD65C3E8DF3
EE066C7006C49C0A,E3256460F693089C
418EF2A1BCE56685,45283B23AB7F1DC8
B158DFCCC56E5C5B,0FEC0A416D9B29FA
36C6984C3ED0C911,A7F68A5A461FBF31
CC97B29285B1DC3B,7664412B8506D57A
B8F87EAD7533B176,C96986F1796C024A
C3EAD29AB273ECE8,5FCD24E52968CF48
A7A1127490312C36,95A8119F6330B980
31727907B2C43C55,DE52BEB5A3F6F081
405591EC8FD9096D,BF9789ADF6CF01AF
F751B16FB32ABC1D,0DBA91C89D6BE54B
B3E6360DDE733E82,528A718A7FBBF010
7C9C0B1EEB1F9072,181DE92C2A0F6544
6216B116083A7CB4,B9F812171F4AEE3F
9F5E6BB6B34540DA,49B677C7B968E373
B9854DFDE0D833D6,A5C4806DE775E4F4
B5B58E24868CB09E,F3A15EFD12A624B9
5574637681911FDA,DA37193CAA040EB4
675D19C6067CAE08,DEABE64F621A761B
849648349D77F5C5,2967B9554C6C28E3
A51B086B0B2C0F7A,26DECB8B631BD3DC
DAF80797FC534BEC,0509093E7710E322
76BF03FADBF154F5,84070F79DE396386
1F2300CB7FA7B7F6,8078E78E0BCB685F
2AFE52F782F25775,697CE202EE472EF8
9E778248D6685FE0,6217A44F745D15E6
75D3691713C3B05A,2F5C1E9CBB254D00
94DD7888C10A979E,EFE8081075F37187
A2CCBE62CD4C91A4,B9B02277BF796C35
375A706A5C2FD084,0A3938C08965000F
1B0B4AEED5B9B41C,B7E0C2B8718FE8DB
2A893980E96B659A,82119F44D396133A
473151EBC762C6DA,9859EF5E826A0C49
BCEDB009461DA156,F0783EAFA8892870
27FEB5254759CDE3,91501E532C60D30D
7EC52CC40597D170,1957A6389047831E
FDE8F069C542D126,EB9D3AE49A59372C
D6ADE981781FCA09,91C0C081C79E8F3D
F1E22DC13F5EEBAD,3826166E8F5C2A2E
466DA42C89865553,04E20025A2336736
53F4892D18EC90A4,DD7194F34583240D
3117D84EFA60F77B,6818D70197C8EDD4
AC2890471901861C,3C06ADE9C0AB03AF
15E69E2802C24B8D,0BCD7FC862B1ADB9
7AC24EAB6D74118D,3E42526AC8977816
187382F8A3E0A6C3,E83473557118C457
40F7E66472DF3E5C,08A4891BD2FD2401
2D5DC831176D0114,A2EB658A49EB6A33
5E0165278F6339EE,9135CCB10D3D40DC
EBFA8D50ADDC54C4,61138E2C2EEAF0D2
162C23CA83ED0A62,FFAE5E115B2E0C5C
30FD873ECE50E9F6,38B791250E006A89
6D28DC1671E334FD,C1BCFC0873E2F9D4
E3B05614DCE1D014,5B47AAD4BC3C847C
97D47996FC48CBAD,5BFE46B7FDCB5ECA
01A358D9128B7A86,BC70683B4A6979C3
8217150E1217EBFD,DE58AE9CB0304806
94CF4AC034C9C986,83BF314BEB8A6422
34A6FC4D06C4DA0F,43392444CEA77F8A
4740D62BC1B4EBEA,3FD5FFDC264253C3
394DCDB9E836B7A9,6244A825F67F955C
4C3B75694F7E0D9C,9D7B5D6F525E6E53
ED76D195E6E3BF7F,E5423A6C90C30BCC
3DD3F33A5D55EA6F,C6767CDDDB2C0D16
615EB504B0788DAF,D922B9FA9AAB5C31
31BA138F6304FB9F,35BC9B3188983FA0
12D148D26538D0F9,08F459FFF58AAB5D
0C82D21A77C22D49,0715F98C82D7804C
69EF772B192614C1,D61C27FD90CA5A01
8E243837643D9583,3CC71D07260A46FB
55A1E095DB052FA5,322E2CE0FE466D7D
998E18CEB44487FC,45D654CF17733053
FA07759E6FDDD7CF,DBAA41471EB9C5CC
B4C2EC463672474E,17508251A3DA78B3
2AFC2D19B50797F2,33B0E138E677D12C
40D5DA9550B7CB46,86E8CAB04CEDEB7B
037ABB06825D7AB1,45F54A5D563BAB7E
AC272C0AE01B4BD8,027ACBF438BB2AA5
365E877C61D6988B,B04972E8C39E22A6
165E135D6DFA2907,C6AA0BB16E3A0B01
2A93C46AAB1EACC9,4F65123844F8A6D8
89049A84065CE68E,C2EDFED41912E6EF
C8F3AAF93D0600BF,B9480395060413F1
FAE628F1E9ADB239,2307C91BA218443A
D1C7CB175E012964,5D681A62E4D4BEB9
86255B1FC929E33E,79BAE55E12B4166F
2FCB133CA50A49EB,A5C308F948A8839E
116FB94DC4B79F17,C35FFCF19CF1824E
55DF6DB45179236E,CDA128C75CB6A11C
07EAB372C8841D99,AB3C3872668799C0
2330C12A7A605D16,466AB6D4A9CDF194
44ACA259D67651DB,A0398E27006D8047
5A556B229A169402,9D6657684B48B77B
C30713A383BFBF0E,37C686EC5F835E98
4167EFE0527D706E,A07262F5EF2A33BA
4811BBAC21C5FCD5,EF64102A68B016B4
5539C3EBF104A53A,DB4F733568E67770
702BC4D605522539,154728CFDF0822E1
61A885D3F7CFEE9A,BBD67FCEA966017B
F98DDE0A8ED09323,CD7495327ACF9137
AD6875BBC0FC899C,408DF9C303E26E6C
158EC424F35EC469,198604F484075216
815E5E3073DA1D67,B8DC2E79B515954B
02ADA21EA2F6918F,939F0A2D66DCA5C3
EDF7F927136C224B,E6EB4EA4F38D5532
941E5306BCD7C2C7,2287793DBC7E7938
E0A6138401BCB837,15EDEE04BCDC062C
CD67AD041A394C9C,4E696FF50C506340
A7BAB11E7C9C6C5A,8958785164025E6B
BF09786A7FCAB582,B0777E06E745E94D
55AA95F481D694D2,06EC589F9E7A97A7
4C61B39930D045DA,619CF8E05DFA3325
3A3D5568AF297CD5,3D165343793A065F
15FF52B809DB2353,5FA8AD2D5582AEDA
8C8D2739BA44AF0F,C01832EFF7679D9E
703F12425ECA8BF5,9339894B54C5D755
759299C5BB31D2A9,AC0450E583B816FC
AEAB987727C5A8A4,16AA6B503D2C9D54
584770794D758C18,870B1A879934FBCA
1ACCFBA3D8DAB2EE,6269512923355DA1
70EA8DA57840F9BE,B76ACACA6142D958
993CBE59D350D225,C9A372AD41A07089
3054F114121C21EA,3A9F8CF8FAF5EDD2
32DD916F3F7C9672,B3C320ABE05CE656
F53E48461B71EECB,7FE1AC33036F744C
7CF0448787B23758,93034E1F010EA0FB
4E548C0D7AE39FF9,C44FD821E0691E14
87E5C46C187FE0AE,6F4C82D59FB4D7B7
37025B27D9B658B1,22AEBAB79B65420E
B8322EEB38BE7C26,538DFFC8A320F507
46CD3CB66E0825CC,668F34A75441746A
0A46AF8A78DC5E0A,C791F56B98D3D9D6
4862437A486F91B0,3AB535034B25EFA7
BAF6BABF9E7CCC13,E84E63587FB2DF95
1670F8D05056F257,76DF036B6CF1C4CC
8F5EA1C01D65A100,CC84913491D43953
7FCC39C46C3C03BD,A656FDB82B9702AF
1D610EB0FEA716D9,EE301551FE15D82C
8B5FADCC4E3A145F,F826718CED0A35A3
CCA4318E1AB03F1F,7BDE1A720800B09A
3A0014ADB172A3C5,96696689D7291EF6
CE94AEBA5D82908A,435E59191DAA3ED5
5B11728527CA6E5F,56D29DCCD9789CC8
CABDB751D86FE93B,324AA4318E9FB6EF
BA96394A0EECFA65,B85F083C9EC6349B
742B58F723233ED9,F27915DA30087A9F
FA91550DF9318B22,343B9F9115ED2C30
CEFA968912D0F78D,399FE7DFD14716CA
26E1CD96B0903D60,BF142393960F568B
F0210268DB0974B1,3A27345E11FEC62C
85E5F8B9B898B20A,0986143F5F4540D1
2FAB6614CE22E196,305DB0B7FFE4E1A1
4128464231E3CA0B,0757B7FBB1FEB5F2
BD0EFB25CCA8F97A,61F7424D96CABB64
A95F667A755725DA,85C02B4B8175A748
B37E4E6A2388CA7B,0C2EC251A0502347
633F6F44A537EBB6,CE9B68978ACFC0FE
DA07819E452FFE8F,43CF5FF3CAFC3ECB
870B8B7A766615C8,E9927A89AC80C868
DEADC0DEDEADC0DE,C621115F1A6F5977
3C5C1E2C2FF814B1,1CA9F5E6E866688A
8F0D5BA1C2CC91D7,FD1F7E8B478ADA45
84C8D7C2D30D3280,05F704A61B624383
00689CDE5F7C6787,BC4C9E47192578AF
D2300034310557E4,3634BAEDAA85178A
9D44FCCE98450843,378000C23A45D089
66972397E0757E7A,38A6CBA61FF8658C
3F4D00167E41E0AD,2EFB177BD4CC053A
B539BD8A4C1EECF8,4A849EADCA934A24
8117E09A19EEF4D3,EDAD7560F6B69878
2C29BFB64F4FCBE4,0CECFBE3AC3CFAFA
5A5F40FE637EB584,B733B49B5DF09CE3
9CCC9525BF2408E0,905CCEE05822E71F
049E937F18F4020C,B0F01A503C825A11
EFFB25453D8600F9,EC27FD4DF41FBE05
8D474C8FAEFF6CDE,7055CCFE1858BEDA
95AED7B8E39ECAA4,39770140E336176D
74E559B3BC910685,3E1FA5E1B524EA03
6A842D197F845D56,DFCDA69090A27D1F
0564B9FF9631B82C,DE323D1EB0316B81
C098810437312FFF,462354AD40326131
59328EB08C5CEB2B,22B3CA71947B2BE8
1F7BC3539F9E0224,B516D9D28E68D0CC
0CF6CC51AA18F0F8,6EFC06177BCC4C1A
1D4DC17C38FEAFF0,A3DF67366179BBC3
8D11E61A4ABF49CC,63BF5A9404EFAAE0
7B8A361C1813FBEF,D0DBCF94279ED096
469F2ECDEC046337,0D1A9BA89E57F763
28B18377EB6E25F6,93A2700DAEF80D1C
5688585E6D563CD8,33797E8C1A8667FE
4C9296CBCD1B971E,8420170FE4FAF1A7
412F1364FA066CFB,24AFB0439A02B63A
352A9F6BCF90081F,0064F2026E85AA12
BBB6AD006F1BBEA3,897CB20A03D8656E
E16AA70CE9BEEDC3,164977E75092F135
7EC6F9A478A6A512,413BA7BCD56974F3
1D506DBBBC51E64B,D2BDAE9F8BA9E776
2131046957F31B04,675DD3A87096953D
F145F3BE2EFA9A3B,5288A715C24572B9
4F548CABEAE553BC,3E925A01ACC12777
F2E1A7133DD356A6,8AEC745BBA26810E
6FDDAD856E36988A,03827AA74A431CF5
DFFCEF48E511DB48,9ED081CA20FD427B
375F0E738F861A94,7697FD530AC5BB42
F3B9A78A178572B1,C74074470B4DB0EF
02CFBA0C9E9275CE,A254566DBE36ADC9
918C7B2D2FF3928B,E5E4B3732FC88664
264AC28B01B353A5,C85540D19015C63C
85796B0549DDE156,54BB19ED9F90E1E9
102D125411A7B6E6,663D87E695D9A60A
2AFD795EEAC8D30D,D510EA8DF3CF65AC
608207E7A8FB787C,64A84F7738997E3F
88795F13FACDA88D,8047C496BEE89A0B
C1AA9F53CE982990,E4DACD1F7BF2447A
B39786F201FEE30B,56767669E130CC55
1F9FB66F3A3842D2,FD27541A23F0F64A
E7E4C198B0185900,29686D628C8C6B94
2C8CBFE1EA5FC631,78AD5F6DFCE28557
395BF71085D1B1D9,1E540B2EA8ACFCE7
42BC05C27A946054,62CB2C6F27D37CA6
B8EB95E5B4E56978,E0BF3CFAB30C64FB
EACEEDA81751915C,57D8512F9DA74735
9B62392B474F44A0,83119D7B5F26F8EE
9A75585FB2E54FAD,A99696509966C371
25FC3E33A31AD0C9,AE318EBBA4884F73
499EF20C5DB25C59,40C9B7E088D3DB1E
708BDD8CD795B043,5D98A2EB2BC86014
2FDFF4107B8C1147,D92AD5D288AE7AEF
4879E4FE39074CDF,FD0989E6AB2F6237
EB2DB0CAD13154B3,8578845A59BAA9FF
20C6C7E4EB082A7F,8B4524E0E3CEED65
0FEE4F80AC44A726,46FA8D34385DD6AA
74BD83EA840F6BC9,E5E1E3C9D866175E
465BF26AB9684352,A93D9EAF176A34D2
0F70731BACCFBB96,EB156B5FFE1B289C
CC6E963682533882,7A02F1956FAB1B75
F6A9D9708F6F23DF,BB4CC4EC1C23FBF7
88E32DB8C1A4AA4B,FABD443EB9AADBC9
89D9FCC2435112F1,A90F6EA513E1982F
9222F300BF8354FE,FAAC937BD592488D
311438A071DD9B1A,F1314BCA431A7302
11E79CAB7183B6F5,FCD817ABBD55A233
8844BBFCE30AA9E9,34C71C0D521039D0
50BD2730B191E360,BBC5896F015F04EE
6C60394CB4F75E9A,E88D22E4AD97F56F
E5DA8615A6180789,E184B22692EEAD71
AAD6D1ACF08F4612,41EBAB6EAE30B432
DA1F1B7BE1A8766F,5A285FA439798845
C7F76DF27A5045A1,FEF60EAEB2A1B906
DEA92412FCAEB3F5,84E4F68CDE581CD1
20E330937C399D29,74F0149898241E08
2BE4BC731D039D5A,1253999C4F276C38
6D645D59FB5F5AD3,5E2C0A699CE25553
9E5B5E4D2CCD2259,ECF7E98DC0299BA8
A5A9653A8D2CAF48,A612B061C0F9114D
A1DD317EA8FD4F29,21DC133439C50AA5
2D343D2219CD027A,16DE9112AAAB5C8C
2E2F4240B3F24647,83EE723351E8C641
30785D90C956BF35,8E8EB6E4CE93A156
733C87D4CE22BEA2,B4B9948C675E52DA
4455517B28441E60,5AB6E4148E3408A3
7F0DD2EBBB651AFF,D85A85B7D6067722
3E8349C08E4B82E4,6169F4246C1D6412
B4AC7D0CF06BFE8F,664B48C95FFB7FF8
6B83617E04503888,0B072CF0711C653F
D77EDADB0420E6E0,B7E1FA65AEDC9FE5
7FF548385680673F,8F05701ADA031BAD
13EDE1A5DBF797C9,72337891E7DC6424
B72E26D81006005B,D3B638D46BF908EE
F2BEBCDFAFDAA19E,9A8087AB6568A7FE
27F9D613092159CF,14A7049BB956BDF6
DE0F6D7450D37351,75DAF61259A91F38
E43A13C9E4CCCBCF,1D9596F43F40128B
A6A12939F16D85BE,DE7660E77D02EA2E
9A987297ED8BD838,65C6DBC40481CB81
F6AA118530443FD2,4186C3700BC22329
A018A12E5C5C2FA6,7807AB191CD252A2
60734CC207C9833C,31A156D3D6590299
EBD0EDBA5BE957CF,351416F87D5BDCB2
1DE37BBF9E9CC14A,2A782EE3BA0FAEF2
213B91045D09B983,0F71B91F9E4CC6DF
AB8E2EDA0C0A5883,A72908630B966DCC
530071295899A8C6,2B0DB0BDB2C7B28B
4F0C413926060B38,79CFB461AC4F4DC6
4C2330E61D3DEB56,EA16683D7D7D4E20
9896CE4721BE84BA,4F769DCD0CFA69F1
011883F41211432A,4D9AD83C5BA0C218
C485E07E4F0B7958,010441D415663813
4B7620C47217126C,5B7F030015815CD0
1121BFA1A1A522A8,16EC192DBDD5E5AA
61767F73EACEED21,0AA8FB035B87E70C
9EDD76E87D5D51BA,6D0C8CF180E8B12C
6E91B04E08773030,28E516A94146A9C4
22EF8FF8778030EB,3CB18364FC6B7009
5E6CC07646BBEAB8,0E636D0898679AE1
C45C27EF50F36ADC,D22D04E82B321B6C
4EC6CFBC7B2E9536,29B56B922DE631E5
1F3F018BC3AFA77C,3063E66D1501117A
837155CD2F63DA09,1EF92774F7B1187E
4C8872D8CDBE1B8B,A48693249537873E
1033371FC8E842A7,43BA63ED2A7A4D2F
B47BD05FA66B40CF,8AFB417103D94142
EAABE8FDFA21274C,AE8E6284A6D09C87
2E1202248937775C,4653B3967DE9F09C
62D2916F56B9CD2D,17C9AF23E4A99F84
95A6C46A31D1917D,3E91F004683989A9
2CE544C68FB812A0,077121A83525E84C
97465886D35210E9,F77EA5B6EAF40F43
4F5212C7AD880DF8,0860A43DF88D64B1
99AC7F0D8B9C893D,55005C717C7A23F7
967278682CB6967A,9FC2ACC68E7C1E10
0A123435A26C36CD,FC5BE73136581F1A
85F462BADC7DA47F,FE034A9A4FD042E3
B497F06B288DCFDF,14048B1C509BDE11
8F719973E1445BA2,440657FAB96ABF59
70894BD0915C5BCA,D269EA3552557C81
1461C72C889E343E,F8AE879D2DF8CC1D
CB2D4AB84A19AA7C,B5804B90CA0871B8
B85F26619073E775,A1B11613FD4ED8DC
04701832B739DCE5,E6C453E57B22072B
332B562EEDA62399,3546F6558277860E
5AFEEDD9BB2899D7,3A3D993E6038D003
F3D78F59DFE18D79,D214E725DD037118
50EEAAD86232EE55,589EDF8AE5C8D3E7
6E04F06094C87047,B1F61A4A8522B5E8
1162EA8AE9D24EEA,D02D8B7DEEF443C8
C3376F42B1FACCC6,DA8ACB3906F9E924
5E29243FB56FC6D4,C14EEEFD0DE24816
0E98F88A24C5F4B8,016A1CC645698BBB
8EF6B7AC68E2F01B,7E5D5A3EE5810D41
E36A25322DC35F42,DE09F11B6B75E1D3
8D7A43EC6A5FEA45,C1E358FAE889B078
A549131166868ED3,E8FB31BE3B899DD3
A9DA48FAB8A76C12,70A98716ED8DB49D
A98FCAFD7893C834,14A3ACF8165A5524
CE2F5FC3AF7E8C1E,E4A55359AA2D44C0
1D9D45004C28C916,C5A8CDC38A5DC151
77A5B103C87F476E,C51E8EBEB2F5DF46
43C851690662113D,023B0D7338A99FEA
6BA428C528D9E522,9C0D5991926D9379
2D34FC3BC4ADB780,7D9E9A30FEC1F2A4
B80CA294F2F26749,6402BE1719F8FFAF
24B100C68C645951,105ACD62DB7DB8BC
D5E460AD7020A246,0F9B786ABC0B5750
933C06518B52A9A4,7FF898C8E473677A
16E42E800B472221,7035164883B784B2
C313379AF0FCEDA7,AB094CF7B5290A58
DDC635D5B3262C56,6AB4199A9C48F05E
645D0B458D8E17B5,9FCA90D8D2A2DC15
9DCE1F0F78260875,4F0D59D7F89CFB54
D3997889736FD899,3A8E088258373CEC
D01005D2BA2EB778,7E6D109F5EAE92DE
8C0D57EA686FAD87,7971D171527232FB
290E2780BB7AA598,23D49B7025936126
48164DBB970AC3F0,398E01E1E257E266
DCB194B85EF7B541,27ECEB377235D88F
730F5F8D3F0F2050,33083B6564CC30FB
867654CBC7606F2C,F79020AE00268B91
D0082607100D7193,86CC61B7283D33B0
CCD078C2665D2973,42DA5A1B4F72D9CE
2B486269ACD548D3,D84D912B8097B018
6A09D0D590A47D13,5430382E766E9A40
A2C1F5E92AFE49ED,85B7AA5E9B6F0759
D821490579791273,34F105C2014A6155
F9B8F91AAD3B953E,62343A428C158522
C514825C507E3736,17952AC4A5BDDC32
CB7553CDCEF4A735,40671AC8453D6B26
5CEE3DF569CECAB0,3D7DF9184AA51BF3
BA71116ADF5B514C,F4C21F6414CF1653
F92099527DB8E2A7,F7865792085F5D28
C53EB42A499A7E90,2020FC50CB5FBFA1
DC20483CD3DD5201,88B665756C26F7F7
D0E9CE05A1E68CD8,FAF595B44ED45E98
FE54B92A344583CA,4E03D7611B6A5601
EA2F2061875EED90,FFC2F937F00D19F8
A049A5BE0F04F2F8,1C82B0418F192A3B
3BBBD13E5041A79E,839F23C59306846C
E599A503B3837E1B,CA7F4A8CA3292AE5
37DEB0AA183FB6D8,D8ADCF105AACD2F3
437138B6A830166A,E45C31D4911CAFD4
E574A662ACAEFBB1,6138757AA13FF92D
EB6891F03362FB12,967CEF1CC8B39632
C7DB36C24634F52B,473AA4E75DFB2A1F
7472BB270D7B4F3E,CAE17D0341C314BC
92790862E36C2ADA,F728E4D04FD52BD1
242B5874F0A4E052,606D5EC551961A10
EB2104E905C6F2E9,7B27D6EF79661F50
2B5E102E4A42F2BF,E450CBBDD189D96D
4750FC27570311EC,CACBA9CC51268B9C
1B2366C3F2A5C8DF,A5181DDD4202BDC3
E058175F8EAFE79A,A48BB492FB0B77E1
6ACF6B7225801CD7,5B31724CDED86C6C
5DDFE2FF727F3CA3,5C2873BB67A4CC22
75D3F7A1B0D9B145,AB6C545A92C4ACE3
D5A016BC3C09CF40,DBED096C30A38BAD
54B0F614960F4A5F,863684C6FF605DBB
F9ACF4A08098EA25,65DC5E51A54DD60D
6585D955A68452A5,01679BF772B3327B
7DDAB28D31FAC363,774CCE68DBB39057
E88DA0751C22A2AD,CFEBDCA6E4CFE408
117B45156D7EFF2E,3549431D4E321B7E
C38DC1E90D22547C,E4210DA3CA1E3CF5
BF4FEF46DB7894D3,5EF0C89900BD8BB6
C4B5467A1886EA7E,4229C0FE8A11D6B0
8B9F1FC6AE8166C0,1674A1DF3D5CBD74
08AAFD0814722BC3,62C887286E017F93
E30524E1871F481D,6645E3ABFFCE6FE1
F9904D11F1ACBEC3,C79B5F82DEA55E86
D4B02A6B476E1FDC,BFB86C21E4EE9D40
BBE7648349B49BE8,9EDEBDBCF0CA8781
9F97DA93681F87EA,C871B21562468850
3EAE97309727E7AD,743C42EC716815F7
D5451C7BF151EB6F,3E6E98EB4BA25973
9133955F1A2DA957,75FC0AB2EDB01170
98CD1D2934B76CC1,9A28082F8DCE4E61
BA5ECEEA120E5611,8D89CE5EC4CA9E28
D4A7A435B3710D05,FB44C7751B8C01F3
B7C6D80FB371659A,D2C7B0F3AA22F180
A731F608CA104E3C,E5DEE9FAEB9878C1
CEA7C8E1B48FF68C,4C07D42235640681
641F272B52E2F0F8,DF9412D4FA5AA434
3E9679C1DFCF422C,D8C2967D4CA9110F
0C112765300C7E1E,A44572899F10D9DB
6874E2190B0C1972,DB6FBA5468510E93
06087579E7AA85A9,05E4935538EE6AE6
1327E2FE9746BAEE,6CFCAD853B84B192
67F6413D3220E18D,2F0D1CE923B94A1B
243296A510B562B6,FA9AEEE5D576B9C3
FA83CA6776038F64,337104572A0270A3
B129E447A2EDA4BF,96BEEBF07BE42616
0A49D1CB6E34AF72,52E3A18EDFF7ADA2
3EC8BF18AA453FE9,30940D8C121A801C
BB2333BB87DDD87F,3CCFC106A6738860
2A86A0475B6A1434,02BFD17FEAA86FEF
AD2D28A1AFDFF131,A5D39CB3073E83F4
8821196D91FA2DE5,F67395AA3D3AD18A
66C3FB05206041BA,B123385B78E21D42
D76EEEF746057FD6,AFD4554ABD55837D
BA7F0B77D80A4EB7,E3DD1DA290B04CCE
7CFBA6A80BDF3874,A74E37218BD2AF3E
1B212B26DD3C04DF,639C36116F049ECB
0BE4BE946463F917,D203997ABEB59ECB
F5F1E89A970B7796,CF597F712411CE3D
F271147EB7B40F12,FEFBB7574937B33A
7FEAD38B326B9F74,91C1CD6EFA5763DF
8A24B067D175A7BD,F8245F6D163928BA
6E192E33AD436366,79A5F44F7E7FA63F
571FEB383F629926,691350EA8B674944
AF03011701811146,E68CF76DCD906DC4
CF1182F682F65307,D0F7D73F9749F258
726845132380142E,EE7AA8559A163993
877C1EAEAC531023,DDB60218A620965E
A3A9299C4F2ADB98,36F39CF94E443B84
D3301660A57C9272,0E4417A447DBAA53
CDDC2B77CE54AC6E,2928208674A32D95
BF19721FA34D32C0,5D17762378773235
534E36D4DB9ECC5D,509BDF5EE0D622DB
D95CC5D2AB15A09F,81F1280A4AFD3208
3BE0BB12D25FB305,768E89E457BE9C9A
7D36291161859389,58ABF980EDF95897
DED5AF5A0EA4B297,BCE3958041BC6707
A86478C6958735C5,D2F1398F8FC8F6C3
F2385935BFFD4D92,CB2C157C106EA694
8DC39368BDD57755,2510DA2AA9F929F2
AD27D957598E49E9,EA3490547BC74525
2C9F302398E13141,493B9F580D2322AB
CE5D0E5E315DB238,E82FA3EF8F4691FC
107A473D7A6647A9,413DDECCB7973790
B68CFAF83A02768D,B5BD329927CB6ECB
BA63D9FE45412247,1A3FE41D13E6F24E
C24075310A8B9CD1,71B0D01332756A26
755D6D5267CBBD7E,A805F530675B75DC
4C134B4DF76025D0,3FB57058E287267D
D1871251F3B5ACD7,325B2846F4FE3AC7
E05F6AEEFEB0BB02,67181FF49CA879A6
B8EF61207C2393A9,03C7354FE1D61B9E
9BD7BD55E4533183,76AFEEC6511A0C9A
B8FEAEEBCC127425,2CA2C0C258EB10C5
0923DBF87DFF735E,38D53F24C6EE54EB
61E360B7E040D12E,31900BAE83D92189
BC9823AB80A3DCAC,1FC1AC701B3D18D7
1612C45F9E3E0D44,C6A6BA6060B032B7
9EB6522EA68F22FE,52AC2BA60807E173
1930DFA731813EC4,78F25615D0329EB1
1D97D1E3A70A649F,6F201761F29885A2
88BC673CA9E0AE99,CD468C04A2A0BBE6
1F25887F3C104278,255B318EF26B8BB3
42A8EC77D5150CBE,9D6C38C1CE8E7A02
7E9DFE24AC1E58EF,AE6D88ADF91EE5A4
84FD40F56075E816,F59284F54E03EE36
DB629FFD9285FA06,F10AD7891E7F9F95
5DEBD9C4DC995692,0F262E4A13AF8A17
704983DF373B198F,F0EF4F4D0C46337B
2047C02158D6405A,C10D9E25620C39E9
E4973DBDBE6E44B3,ED541E6B84C4E3CA
E5564483E407F914,76E23297A6BC5595
7651BC64AE59E128,7468E50BB8E0B26C
C54C95DA968EC5B5,B5DB9CB3922C41A7
89F149B6131E57DA,5DDB4043DAED8354
BED8CA5FF5E04113,0E25380C354638F7
ACAD101E1FB66689,CB4407649EE68051
149916F50C34A40D,84096EE576F0192B
CC9F3371A7C28BC9,2B58EF16B3ACC62F
741B0129D4560F31,C44B75FE2295CD89
7660C6E75D3A078E,EA1C75B13466424E
E38CB9D7D39FDBCC,FAF579CDB13E5499
76D683C108594D0E,65C53DE5B457FED1
9D6BFC12B05C6121,90FF97C731BEAAB3
1297A88E081430EB,DE5F0C35ABFAE7EF
5B440763A4C8D15B,9624333247B84756
16B5E274BDE402F8,5F6CA9A305DB6C65
B264C4D2F2B0A78B,75BF1E4B1EBB3AF7
2C4A1590ABF43E8B,E2B7E71D014076F7
43286D561B72B8BF,7C1C513BD5D27391
9B2BD3773123EA2F,1BD795619D825B74
54E22EA2C1956A8D,746AE2E04D6C2AD2
3C08A8E30363B353,FF8EDECFEAFBF5F4
CC665AAC360D31E7,79444732D1763556
639B642FACBE4EDD,17017B31030DB51C
3A539D52857EA82D,F3A721EE2348AC29
62A456AA4769EF34,12AD8B3D8C576769
C8B46D7727D864AA,8AF0BDDAE129FD69
AC7BFD5C1D83EA75,28419FF3E85DDCB7
8621390F0CDCFE1F,7EA74DCC048EEC24
AEBF081FFC0A0E5E,8C203143B9ABA0F6
CD71A4ECAB22709E,B5F50C802DE49EF5
5B712761429DBC14,0EF0D68557EC77CE
44CB6447D2571AA0,1D4710D6A0ACB0E9
DC18531D7019A535,4E520AB94C58CDDC
AFE24E4D29249E4A,98AD79233F986FD9
0C432C1435F5E4FA,975C995F2EE00CFE
33EE12743CCD6343,1BD85D48E861FB97
BD8D32550E5CEBFE,FD3921D50955B92F
EF5EC67D392B830A,6EDAACF02C389E6F
2472622CE1F2D45F,62BE9FBA72051169
45F35C0EDC33B03B,94AD7485CB29A8A5
E60054A0FAE8227F,A4756F00F08C95EC
E63D7C6EECECB66B,7B0CA23228D276E7
A03502FC581F7D9B,BBBFF575B25E23CF
9780F32BCAF72431,EE891B8DF8FF946D
46DF918788CB093F,B23F15E7A120BB50
B812B3FD1C01CF27,0E3F56EF162ABFA8
F25E02CB9C5818F8,F42740A03D981D0B
576594E8D64375E2,39B7FE5A54798F74
2E7B9B683481687D,5BCB829D6DD41FC9
2F25D9AEFA34FBA2,4CF7DA5CD93E7323
DB41D07A45A6D4B7,1F5394D2988947FD
97A790315D3831FD,5908C71389E833B2
B8721407EE9C3FF6,0C92FEF480721C1B
B9CF1F793A9F1BF1,A178B7CE272B8387
EC6935EBE0847B90,4DE0AF634E3E79C3
5B6010B3CBC29095,3C6FEAF85D29DD20
CEDA60A74219D064,4C045B2B5CA92D41
EAD42DE3610D0721,FEB4680FABA8B160
3B390A939AF0B5FC,CB28DE3FB15F0590
A49C426ED0CA4AB7,28FFAD75D45581CE
05A1FE504B7F2587,4055F75B86E238A1
3A48AB4445D499BE,2597DF7E9AEC80DE
D5002D78B7162E1B,09B0CB074C332620
27CFB1B1E078CB2D,DF195F743266B4DB
E36A98D8AB3D3C66,6FB334055E09B998
E42FCDFD0E4196F7,A91163D8D92B4EE3
D7CD9CF34F2C99E8,D16BD2D9E77A9C69
C6F5C0BCDC74D62D,24D977CCEA37DAA4
28D37D4F71AC5C58,CCE873890D990C3F
3C028C636A414ED9,7448B3554414AD7D
109E99373F290687,56732EC826840EC3
D8D19675ED5FBDCE,461AA308E0671334
801879A9B4F4B2FB,ADD34CCE8418988E
B2EBE8CBC58B90E9,8C7776DAF924FA81
56E3B78C5408D9F4,B79C89B220BFC1FD
27B0405F59637D1F,4B85FC3BD1A363D0
34B973047A2268B9,8B94F76F569A2AC4
BA739D6D5A05D6E7,869C33363C4516B4
2B694AFCF64E6994,C2AC996A7588C2CC
031ACB6ABA18C729,FE66EF9289B72A51
8FF3847DADD8E30C,19D76D7797ADA482
A358F56F10732EE1,68515D5331A425C7
6889498B3E19C797,00A21BC78E06E96C
E7E035450A7948D5,52EDECAF527E73AA
30A6614C1F7799B8,28E80531B318B296
43865688AE10F0D7,A23C9FE11AB9D3C8
0AE1F1653B554AB9,CA50E9C4044F2E78
5EAD2BF6484852E4,1EF9DC8B17474DD4
F14878FC50BEC6EE,DFC8D37CDA945F87
DEA36202FC3382DF,E0726BDB50F62E73
3C1978285B036B25,231BB9B41C5A18C5
6BEDF5769AC2DC07,260CEFA7E46259B9
C87E740D9F3872CC,F958B1E2EA64FE62
5CAE833B0EE0C500,28A509D5BF7A5A65
E9B99B6853181409,40630B05BF423B04
769951E2455E2EB5,6D1C8B51D0FABF32
3A17A27D75C74887,6AF288DCD01E189F
CFD115B373C0DF63,85FE2F0993512111
C0173D6BFF4E0348,E2E4F643CD8332E6
DEB2B99A1AF1A2A6,8EB98ED649FBEEE1
A9240A96C74CCA13,CCC4E1883DF61AC2
9BF438815F5D96EA,59B7B9A24CEDDBA2
3195F8DD0D531052,D5D361CB7F2DD1F4
F9E1CCAE8BA4C281,3F7B4E0F1F1583A5
9F6E2821885CAEE2,51E7587A4C03455A
692D58DF40657E8C,A0EE07597D53EE19
678BB03C1A3BD51E,0965AA31DD655F03
5324A0E3E4CE3570,49D6F062128E1528
97A770BEEF227E2B,0BF83D0ECFA5E8B3
D5A4B59980401588,705CAB8E3141A3E9
6D4CB481FAC835E8,B179F0A65AB74F77
A7862BC5ED1DFD7E,8B3C0E7E0A6C36DD
152D90E4C1B4738A,4DAC1288478BAB80
5E24341A7F92A74B,191132B109DE389B
24E4E51FC16305F9,48C07A1CD76ED682
17440AA15D1D3739,E104B1588FD28AEA
FBC5E768C7A77A6A,86F91DCAA8962419
D05D1A6C74DA3498,1C53C249366DA878
299EF3C576773506,C37856D224E52ED4
793FF272D5B365F4,6757EE4709949587
A8AE43AEC1A61314,6DB73AEB703E42BD
6B3C4650BC8BEE47,86DCEA820A4188A6
F9D02130ECDD1D77,E7F243941AC172E2
F8DEE0A5600CBB93,234CDFE13BAD9296
C9F98AC1884E73A2,B807F97E7979F421
F796359A959DF65D,5BDDB6E7B40C7A39
A5272EBEDD4747F6,8E0F7F50DC996DC0
E6DE0561D9232A64,0B3D3A4BFAC8F7E7
7F2C4CDF2E82DF4C,9C3B2CE9A37267C8
9747292807126EDA,16912343AE54C352
968F270E39141ECA,E3793E75F6CD0C71
85535ACF97FC0969,EA84BCAF575D23A2
F816F2933752322D,4EA035B039DD5B6F
BE3DB208333D9844,34032E85F6D8563E
503F5920162365B2,FB1C7DD82D64EF9C
E827B9382CFB41BA,FD065F60F7126DE1
91D6DD290888CBAB,CF371493BAEB8860
B3B1CB349FF9C75D,DFF488BF6A8FE05F
84436EC293B1415F,F1D7BA19E531DE2C
3F0CF9CB7E589B88,E63B3D028FEC1F1D
B328DCC3A3AA401B,A20C4765C44D5D35
B8EBB1E9D3588C10,DD499AF3B8580661
47619ABE8B268C60,0BEE6CF0D7950EAB
1EE0F68A7C25DEC6,87C61885D6608FA4
49482F9FCD825AAA,321612B215771387
8FBB6758B3B3E9EC,63A6910486BA1580
46326E13DA4E0546,41D1D73EBE3BE716
CAC57395B151135F,111DDC4573BC52C2
5E203DA2BA15D436,B72AC7E7E0E41DF0
49B99BF3FDA89A7A,6B47F8B0C7440E4F
40CF0D12D142A9E8,12E5E33E0E005CED
A5342D390CDA41D6,9A414FAB0B301A80
1B7ABE26CBCBF8C7,FA5BD490D9925AB6
9A53DED9921DE990,96087FB16B45B4B6
68D353AB88B97E0C,F83A44987BB6723B
5EF37013A6539C9D,BE38DC36E2DFB246
CA6B2F7CE32AB653,637EEE40966C2BFB
8F08017F9D7C47BD,5F6330FACE66ACDA
24A49BEAF468DC90,B30D6A3C06017D1B
C594B315EDF2D4AF,209ED845F8525F5B
7B21E0BB01E8224A,2C379BFDCD630F44
E23D5873C2394C61,5B2649BAEEF634B4
2B3334BCA57CD799,50AD811502907230
B2A592B04648A9CB,13F42AB08F9D61A5
CBBD7C4991B64809,D0A2F51B2E57F028
E26CCFF8094D8C74,551305F842A0A237
44B37CDCAE765AAE,FCB2BEF69A4BBBA9
796A87B3B68D1F3D,147BC8286E4946D3
7DD234D6F3914C5B,CA319362CA231A89
C669EEA5D031B7DE,613925795D4E454B
2C654B4943BDDF7C,DEAA3AF85CEC13F6
255F8DAFD540D397,9BF7A2B2D461EEEF
C2EE020F5FB4DB53,56DA7CE2BC43B46F
F44A5456AC3F4F97,BECC57B147F32FEC
9304881D6F6537EA,51448301AAA5A667
DF6E5987D2B4D140,6F6552E625D83F5F
98C494FD5BDFBFD5,AF9EEC01CB822561
643E26EA6E024D92,1ABAC06F18F431AA
B4F90FAF7670B16F,99F5981DB7185A0E
4D89D607CB3DD1D2,516A1905869A7123
5C48A1D6E3B33179,39B61BDCEA9F0957
EF01D36B9C9D0C7B,CF26A8DD70C67A83
544810ED9DB6BBE6,229B96CDD7FBC57A
808519373FD336A3,DE33861EB625F2E8
62E849B7EB28E770,96662AD62126C1F8
6B0E6172C9A4D902,A86BCC60BEE70C8A
2F794A877ADD4C92,C5E2C8D098AB1672
C3675780C92F90F9,D34101938B49ECBC
99CAD8E7AFDB60FA,5D654093425985A4
C443FD757C3BA637,1D3D67B2B4E6496F
A52D5247A4227E14,8BE6FD03F4A23965
73115226F4814E62,B96693901B962802
965FEC691D55E9BF,183EFFB68DDB82B8
EE5D2A122E09EC42,5E74E07533CA2FE9
F9D9F7F2DB8E2FA0,6C971F137BD53E13
318516E02DE3ECE2,A001DD19C62DFABE
7A276EB2C224D70F,506C1C518C4938F0
78D0B67629D75856,A5C0C3E9CE22F08A
33E6C8EFD0CD93E9,67CA84B124ECEBA2
87052FE446E07247,65B43CCEFCE00E0A
70A64C0234EF522C,3F4E3CA0562D1954
C59872A5134879C7,0E827FD7E3F4047B
374706271354CB18,983922010566AB19
33506883545AC0DF,6A3F0FDBDD89D000
4008EDF7D6E48175,6B7AE4941C468BBD
923CB32A3B874FCB,D416FE0A3F103A4F
7BEB0C7A235F6F3B,1BAEB6433917FADC
4127F1D84E347769,887507560A1B9268
A46413066687A328,9C73B4E5C7A601DF
183DADC6AA953186,D109C0DDBFB16C42
42156508606DE65E,FC2196F31CC122A7
570389D1C3DE3C6B,7F11626F2B7E7356
5A504562485944DD,90FDBB08DC729B21
2A8F319B392E7B3F,8B7E22BF01310231
C520A34DAFBF24B1,BA6DAD671BB2553F
36CCB9BE67B970FD,027E0E2FCD8B5BDE
DC57A637A20006ED,D1EC8FCE792F8574
F159A63806BB5BA8,753CC642F3D373C0
8214A4B5A7A33612,4EE445F0C447DEF0
84DE3B5FB3E666F0,F7A474F15CF17425
5389D48EFA2F079A,94A1140124AB6A5A
D8FA3908D7B86904,650E3DF4169AED24
BCF3026912A8647D,9366991242637539
AA5D6B1888E4DB20,105518C94E16D1C1
BE520D9761FF811F,1A11AF3BFFCE31EB
FD3151CD37EA2245,A3F9341B72658E5C
2F395D61F3A1F877,9423CF0FAD15E45C
B1B6216CA2E7B55E,9BB1222A989074AC
6C6B148586F934F7,5431B2413A2F9639
FFF3A50779EFBBB3,A74F056986BF2998
7767DD9D65E91319,BEFD43FFE65C9B6F
397C38AA7B4A5F83,0C99F8B27C6A995C
36F6626459D91457,11BE94FE5E760116
538D1179EC1AA9A9,76CF4C5CBC443D53
C16DE94D9BEA14A0,3055E338A6914C59
73040398DFF9A4A6,759904FB0E7974BE
D009F759A723DB1B,B80ED7B232026E98
3BD3F52BA9B1E4E8,CF92261B8BD9FFE9
57715966069157AD,7D2CA33170C87A11
DDF803377F94AAA8,AF29C0C2E7C7B504
EB6FB9D48DDE23EC,9D0A9219AC2C6A1F
C8EDE9BDBCCBA6D4,C64CC06536A02F89
37EBBF3117BD6A25,7FAAEDB6E249CBC6
583DF8E3D4AFBD98,500BACA595B00ACF
C4E2813898C97A4B,4AC15460EE42B5B3
95D2D383D5396B8A,055724FF317B4B7A
7EEF65D5F153E26A,DDC360B77B1C1AE6
288DF530C92DAD6F,1E5A10B714F0CF57
9A7D091411C5F684,5A64713E8D99EAA4
762DB2D380B48D04,73CE25246161B5B6
BE197EAA669238F4,0BEE29C8C22E9616
61F95E5BB3E0A8C6,CAE314FB12D13AF3
0F87E938BDF29D66,F9BA0BC05E1F057F
E4CB7541F413D2C5,A2A9A3EBEA03B1F6
AC51915D27E4A5F7,23F06E624576B77F
AE8CE82A4219AC8C,7000793AEEFB1099
5CEB25A7D2848963,50AF090FE497FB2D
FC545A9F0626E3B6,A5D6C2FBF2732683
3DBF2DF0AEB7D289,5491887B955D095B
8806CEBFABD3CE05,7E500A72F7BF6557
FF8F3A92B75ED67A,5829ED84C6884229
4A7D6E727F941747,145AC4C26461DAE7
699E4A5C8C893A18,7D8470C9351FF6CF
19853B5B17D77BCA,884CBAFF30A27EBB
8CC469AB4D349B7C,DEAB473B761FA4B2
7F8413B7FC2AA6B9,857B3D3645392E1F
EE09ECEDBABE47FC,9CC7357B2C0B2F37
EB0F4468467B4528,607FBE975E99DADB
EA7F0AD7E9BA676F,32AE32C4B55F206B
BC2042F090AF6AD3,0083593005D35BEB
2C2E3DC128F44309,FDBDF42FEA7F8BA1
02369D5C8A51FDCF,6750AD393826203A
F0E4BA16D1DB546C,49CD1E1C9228352E
F87D9F2301F7D206,2BEF2FC1775B99DE
21D2E5662C1F6FED,B0CF8E8296F01432
5845066D8A1EA7F7,F8A810BF1F3377C1
09606148B6C71DEF,334536EB69E83954
45F1DE9C34B93AE6,E5A1D437BF9BAB7D
06582AFF74894C75,B53B32BE49106CD2
58BB377BEC7CD5F4,2F28A1AF3AA59AE1
21986729D6A3A830,FA23566AAAB7508D
EA16670E7BA4743C,91509933324EFFD0
A3D0E54541D9A5E5,46F4AB5A03B1D05B
2735233A786B1BEF,CCF6BD7E3E760F6A
A37B9A517B133349,F61EBFFC313C5211
B055A34527CB8FD7,EE3EC0999D10410A
2D2386F273FF7A25,349BD41B518C020C
0D78DE0572D3969E,BDAC3B01C179E4D3
F5846EDB26A98A24,58D9A8180CEEF8F1
C8391C309684595A,7A8EF3F01F221FF2
1B1E2A40A65B8521,E7CB037D79E07953
CAC66558B944DA67,425E9DF960258EAB
D55DDFB47991A294,9238F02D7EC54353
6E0C692677008888,F16503A9FA7DAFAA
D7D0B00177485411,2980F994F20D094C
338E7EF52B6095A9,1386F8ED2538D9AD
46D1A61A21F566FC,8125B931328BBAB1
B4C8D77C80C0421E,F05B5D288F7E1944
2F7F2B26DD3F18EE,09B3F9C327D5C4B6
0AF7B437918103B3,A5330A0C56BCA770
9FA4664CF62E47E8,097B5B4AA4A6A7EE
89221B16730234F0,DB991AD6976D84C0
1A31FE0049E542F6,6F958279C554B2CD
4145A4C44FF3B5A6,0D48A4B15295A242
43D1680C6D19A8E9,0A724CB5F1AFE50B
F2B7106D37947CE0,23D3F08918952063
CA4AE345A153D573,897FC3977F467DDD
7A192BE16D373D00,FDDD21F53752637B
0A6A279F3AA4FD70,93543B430A00B898
796A877E459B99EA,6460C026D98259A7
8E2A065ABDAE6994,FD16A17C144D4EA9
8605AF0DE8B3A5AC,6834CE30982B8CF4
9724FB59A3E72AD0,E000C7F412C9BF70
96EF97DAEB89BEF5,E14CAD6B2BF240B6
591CA673AA6AB736,F4346EC21B3C0EBB
8AA9180DE2FEDD45,889C54763DCD2AB8
29961D490E5814FD,49DECB2035E77554
128F79EDCECE4FD5,7E30F64B65CAD638
FC4BD125DE7611E4,7540DF45175FFA02
FB199266061F820A,7F7C4140C3E76991
95A7DABDDBB78AE7,6B3A4D1933C03F8C
260EE4FDBDF4DB01,2989D778A6DE2491
F4A0DADB70F57FA6,CF184CEB085BBAED
63EB2B972A218CAC,64C0F1E29589C755
F28DA9F38CD1787C,93942C80E3301AEB
2A251AA48B2B46DB,F450B95378AAAE0E
6E63860BBB190730,20BA7623E7B1A254
EDF4079F9D54C9A1,2828751D3E482BF8
6647C5F6F5792496,272CDE9FB560667E
77168D722C58B2FC,C2C9D2CF0796BFFF
59E7B488451F4D3A,EB6BB8A97535CE52
1C073274E065C6D2,2876485FE204A401
83A169EABCDB10A2,F7E6CFC329D623DF
9911F4A24485F653,519DA9A1F6257443
1216E0BFA72CC703,6B3F2762256EBA78
6636C535F6CC2725,E1E77276F79AF7C6
C1F981A6F74F0C23,3A062E7DECC9D58A
0F3B4D4E43177236,25472FE7600404EA
ED481732DFF7E997,6E4E355746751127
9C11908013EA4715,6D76DE5691106992
33A60D8BDD6E508C,59C31C76CE3984FA
0A9D0C2A3BBC86C1,C0628DBC779B620D
EEED8FAFEC331A70,C9D4B2958B9AD7E9
03EA03AF85A85CB7,457AC9431DB1D1F1
694E00132F2823ED,EB8677560AC15143
A8434F1DFF41D6E7,BEB13CBDB01F0B4C
C3C221ADDDE31A11,ABFB736567EB67A2
E842A9398079BD82,056CEF866EF9291B
F733F45FA4497D93,A61C8CB67DBA91CD
A1FCF8E6AF40B731,6098412AD83D65D4
1885BC9B108B4C99,201D631D5AD7EBF4
CBB203C04D1ABD27,541F0E02D2741B99
9A77DFD295E29B09,FF52991481B3D445
6EC47A344923E1ED,375A916E2C90F47A
748040460F8DF5DC,898D38AF4DD1DBE5
1E9057A74FD73E23,8F52C2ACE471578A
D4D8636C0199A939,E0F1260F14A89254
24A2AD74FA9814E2,92375A2080374327
0A9F2A468B328E74,D9155337325CC582
A01B8075D8B92DF4,51735DC66B23289F
814AF7DCAACC597B,4C7E831414FAE3D7
3B4BF5F0859204D9,24E69EBB41C92968
523C79AEEFCC4A2A,CD97E5C51C623F26
C3B07BA00A83B0F1,CF8A60921A13169B
324C5AA411DA7737,BC70C2404980872D
564B884A05EC45A3,D4D337C68C18DE99
AA19F5572C38B564,650C90F10BA654AE
4F5F651ACCC9C4CF,2BB9918FB60097FC
70033C3CC29A1FF4,19B3D204B40E1E19
5EE02954A14C69DB,6CB94FBA5543B4A5
2057EF813397A772,E118AC83D4EC499D
46B05BCAE43856B0,388463F876032FA5
005622AEBC33ACA9,1EC145802FBC2137
DACE1BE37D88AF67,339113967A52524B
DC459CFA0CCE245B,5654E8E65979492A
2A0A62FCDEE16D4F,2403DA1A471D9CF6
E977FC5B08AF3441,B307285327497334
9219857D21F0E842,C235CF6E7936831B
BCE595371A5FBAAF,4B1AFDD5000FDA01
4AFE3690D7E0B5AC,899A0EA2C21F473F
E59343E9E96529E7,FCB06C02E5066F58
B3C641F3630BF6DA,B8BA623A2D78418A
26324F33423F3CC3,50751F8ED009F5FC
5F6DF3D92271E8A1,9DB0FF48173505E9
D2CC78CD3D0B50F9,CD17FCBD8B334D45
ED34AB6C5CB36520,123C411C32F7469C
4B490A6832559A65,9EDDE0DBBEFCB232
21BB0FBD3E217C2D,A0CF2067D3649E32
57D760D55F54E071,A2F8D689459470D3
BCC29F935ED07688,B5DE65EF9E2339FE
CE4AC0439F607045,415C778704E5399B
14D29BB12D47F68C,93536122D0D17537
7FB17BA2E7DECA5B,07F86241B74C1BE9
B6AE90EDDE95C762,9EFE01401122B7F4
8C1DC7770C51DC8D,6558CCB2A9836B53
BCFC632DB7673BF0,B1B8AB076C48A719
CED08CBE8EBB97C7,93B4E31A7E9FB11E
C2EAE3FB8CDBED31,74BEE465F70B968C
207F1A47C0342F48,C83C5E87BE31F95B
F833DDBA3B104D43,9AD2F0804D8219F1
953DA1E1B12C0491,6596B08538BEF507
C9B18B4619F48F7B,D106ADEFEBF39909
8ACD366038D14505,4D136F296B8C248A
CD17B554996A8D9E,C1C1DD50A15984ED
49010A6A396553D8,9087152AEF5CEF3F
AA5DC05579D60BD9,05D4B551C8E9C1B5
F9C36251F6E48E33,16E89AFE724F919D
8968400D900ED8B3,5B220977A3CA2702
36DD3FE58B5E5212,53DD69457A3D0B2A
772282EBEB95E682,446CC29337F6968D
0290F35C0AD97864,DFEC929D9CEE885D
43FA0DFC5DF87815,BC5DA64D264879FF
BC0CE682D4D05650,8C3297F8440069FA
C44AA05345C992C6,44D1B2B474803B7A
EB6F1A9B5510A5D2,758F3C14DA65C51D
C8D667EE52114ABA,DF26A9084336749B
120C48C614909FA4,F1CD03C04C960208
22CCA434E368F03A,A157BFB24D26B54C
4A39DB43E47CF3AA,4530B960307C999E
21E253A7F8DA5DFB,3F01EF7011E60CD5
733ADF241531E5C2,00B0820575DF338F
F2A9CDABCEA04BD6,8B2368F2829D6879
E532EC1A63231B4F,45E06B673D198AEB
D9F692D349249528,3F58F6F78C526ED8
13945951E16EF912,7C9A8865AEED0309
4EF47FE21698A8B6,26582FBA6A557016
39246A6958EF072C,4802B6517B6338DF
A55547801EB331FC,C5CD95A5B7169511
F538081986E49E9D,72B26E0E77583A99
9007A2F21DC108D4,D46F99F9A292A7CC
AC83B1DB38D0ADA0,B4923849DDDE65CE
40AEFD1A244741F2,7AEC398C83EB45E9
602E548F46E24D59,A7BAF5A3B9C4BDDB
D80932D577274D40,5723F3E75C8CABCD
900086F371220B6F,A5A5B21057A1530E
45905BE8654AE067,A5F36A36C49A3EDD
F1F8157B8C3F171C,90594E066396B2EB
69E9F265C1E600B2,16CD04EE7232AB90
B743F735C03D7810,65EA5C0B8D6FF005
91EF6EE6419E5B97,1299B5AD46A4427D
35AD299F50D91B24,10778BD5721242A4
E3945201F14637DD,0F6B0F89ACEC469A
8421EB4DA7E391B9,7386EC6B0DA99122
DE18220B1C183EDA,F239BBB6721A66B0
9FDA1B3D7E7028B3,1ADBF00B482AFCC6
6E0859B530A365CC,ABAC3B4C7E2AAF54
10655FAB9915623D,18A5AC906C2AE237
B9C54555ED30FBC4,FD1C1BB538EEE113
098AB65B9ED9A9EC,2787E44897C8C57E
B475F27C6A994D65,3897D073B0FFEB10
C67E2DA1CBE759E2,666F97B17C19B7E6
71B74D2AE19338D0,E5D3881D15DFC0E2
9D292F73ADBD9313,6DE5AB1CAABE6EEF
058F43EC59A8631A,7E133D180E939D29
9A9D1BA639675CF1,462B7521DBFFEDCF
5E1460624D194A38,75BD85C612751A4E
F74B1FFA4A15FBEA,0CEDEC8AD30C293B
77B5F9A36BF96710,9F7560E01E0B07A5
717CD6E6FAEBBEDC,4C92E5D364839A54
4665F51EFED00034,A0960047C459311C
3E9BB38102A589B0,BED4CFEBFFB06C15
600F8CB31C7AAB6E,B3BE6C3813CA2B6C
AF66059A131AA269,94D71BAF1D1E4121
9E80A5BA8109F974,CDB768CC75763B8D
3AAD8B2FCA1E289F,3141A38304DDB450
FD75DABC0957BF33,F768C88EEA16F61D
1153FA02A659051C,27043726EEB687AF
49EC8030F5015F8B,BEFBD60AF2ADC3AD
CAE55F48D3D7875C,C78CD0E23FDA9B40
3F52E880AAF6C8CA,CFA3AB7623DE1B3A
F1EEA2DDA9FFA69D,170EE31B1057F726
5ECD378EE64450AB,26D9797073B2C562
8B6A4DD0AF9CE215,C3E08713704452A8
F49ABC20D8552257,D4CBBBBAF50CE75A
236406F60CF216D6,04EE516CD0D3FD47
0811381EF5062FEC,3FED1F98029BD3C6
9245E81072704B8A,E02AE07F73875C15
583049884A2EEE3C,2F43119FCFA9DF44
798FDEB5B1575088,C2EBED607FDA63EC
5728BB6D63E3FF1D,08DD5C90650AB751
521638ADA1BA0D18,57355C5F09B24A36
31D1D2B858D25E6B,FBF996570EE591A6
C78E239AC5B2DDB9,09E56FF13E16455A
726E0375C7A26368,A10369EFE6279041
4E929E7A5796FD26,ED231D763E9B0050
63BB75ABEDC1F6A0,E8C3F992ED2B135F
31698AA80E0223F8,D026DD43A460DCC4
2708FC083123F9FF,9EAD4E901F56D0BC
5354C5BA2EA868A4,6EB5B87C2D80BAAB
86E0660E4F5C956D,2E5231E3250C2DC3
6D14CCEE1B40381A,3A08AB79DA7D6927
A06509A691D12BE4,90E9DB7AFB683B6B
75138790B4359A74,756C0D2B75F44D33
0B824797C9BF2159,E80CD484C7092894
30DE938B516F0AD2,2353E95745568F94
37A4494483B9F5C9,CD71917B0485F823
EEEDA5E6D7080987,11D2BA6926783D2A
94538037EE44F5CF,1111786FD303E4D2
5EA784D197556507,FE972E3803B8F244
83FE8D7229593017,1334C7E448B51E81
2309595AD6145265,77C24A2808A82D26
1F8E00FB18239600,51C45857BC5EF13D
F6F4383B7C92F11A,A751BA48B15BD3A6
041C7F2A6C9894E6,1EB54C772BC931FA
A60BB5CE242BB254,A34B79924DD80A9A
F1B84178F8674195,7E3F5EFDB625041D
E30CF56F1EFA5F43,5794A6C92F4E1572
EBEFC2E77084F599,37F7E862362586A2
71FB0EBCD4915D56,E29885A2522592A0
A091A5E44F0072E5,64DDDCB61D7680D8
261E97AD7BCF3D40,8637DF0F5FF1B467
39917E1B4CB0F911,08D2EB248E1DF2C1
9C4AB58491FDC98A,A3BC7E14B0B0F042
3448505B6E35262D,5703D1BB667B3ADA
B4AB419E0D86ACAE,566A87BC9E723CB4
DFFA5BE8381C3314,E22FEC48A045AA30
B1906895227793F3,06D9D408BCA67107
F4FF020A08BC8863,B457BE331CE019C6
EBF8284D8CADEB53,215EBC4B9ABE5251
F083835B70BA9BFE,57BEB833F0529320
148B08C2D2ACB884,9054B8528B678AD6
E906EC930F5FE7C8,8CC4832E2255824E
06A3524161C502BA,B781771AACA31D78
A1C996C2A744262E,9A4D66075F24B29B
0ABC54DE641DC0FC,E815FABFB107182E
D00D76A7DFC9D852,A67FA54208D15BCD
40FCE03E50E8DBE8,2F9B1DB89F0DAA3E
4895BDEA16E7C080,4CCC01FD8FE1E895
8F9EE5687F8EECCD,6B140ACB5EA66735
A86911979638106F,662801E40CA2CE11
3BAB9A4E4F2FF5C7,AAF04BFFFF068CAF
2E22FEFA0100275E,E512FA6187A7E677
7E17BE53E1AAABAF,0AEF9B8AE42AA0CC
01ABCE5E7CBDA196,C9640106BCAADF01
BDB6F89C729CF388,8BE945146B77ECBA
73E2B500410DA5A2,5FC81ED67BAE8E8B
6B5C83BA3EFE6A10,CD9DCADC495AE8C8
BC7BE5ABC0879F74,CC754BF6F50E1C1D
4215460B9B8B7FA0,957EF324E4A5BE08
B4C7A93837C91A1F,54074F16F5654499
F3CC740D36221548,AE9976D431F081BE
4D610C6B56031351,11D2FAB00543926F
A74AD2439468C883,3B04E84265C94927
4462658788425076,D178FAC782CC9453
B9449845F73F5E9C,D30F3934105F0A18
801BD273D3A23F74,9EE541665B6620C2
6D955F6A9E0295B1,69859D2303EB2EA2
77F16B447824DA6C,849795C707462416
5E62BE5DC58E9E06,A8480CE935ABCA93
36DE109527A2C0C4,C3590D5180A9FC68
560B423D73015E77,78BCF7F9075D201C
43F4DBA69710E01E,610AB01E36CB3EB5
2B3A8F7CA3A38FDE,F3295493AC3DC23E
973D76AA760A6CB6,BCDDCD95181334DA
98EDF76A7271E4F2,79C40BB9AE33ED24
F284AC67940C6812,2C38570AF66E3CE2
36C1451A88A09630,1B7AAB8C3A968273
359AF31A4B52F5ED,6B4AC547704C6FC2
176852ACAAC173D1,EAEAEAF459E83FC9
53409B5163D5B846,807915E372FCAB02
BFBA3BA79CFF7EBF,C7D3C528D6453E4D
DC53FD41B4ED944C,10B310C43BDDC8CF
539DE94D44FDFD0D,C73B12660CD0935B
2F83E7E45D9EA7AE,75DF5F37B97E47DD
DBC86D85C5059461,788D7D07A306D99B
4BF54C16EC8FEC03,05BA99098C9BE70A
00C09F246ABEDD82,6BAE30F6D8C8EB82
8974647ED222EA5F,DA9EC7DC2368E62B
D12882D3FF82BF11,ED2EF55D15FAF20E
71EAB450D86954A1,495E56A1AEC913E5
1398582B7F72B3ED,79F5ED0183BE95E8
2DCF46CB1A4F0884,4231C0F561F47868
2CE9D95E4051AECD,B58EE1784CDBEF20
CDCA26E80FAECB8F,1E9C66D34A087DF6
2A25ADC48F87841F,6D7EFC6AD67234D9
73B000F7FBC55829,10B2A949F7102F35
B3F64A6A91432477,866C393BDBFEC349
BB6E6FEE99D866B2,A81D28792171A977
AAB11F6C4ADBC2C1,B97C75B951EADE4C
48A59CF88D43DF0E,7F82F5759E299E83
C8BC2011F67B3411,FEE9AB0D5CA2118D
A989044E70010ABE,E3F823943EA49532
5B9E023DC6EBEDC0,1765E713ADD81F0C
CA2C8073411ECDB6,C803417D7BA5DA46
7524B431B2E6F7EE,5BA9A5893D113CBC
C7420099936CE286,30E7F16626AABFCB
D0A484CB2F829FBE,56170D894044321A
0C978FDA19692C2C,3876A7BB44FE1A0B
65042B9774C4435E,C471A02A03AAE985
AC0BFBDC3BE00E14,707D58EAD6F0DF4D
3CA6050692BC61B0,E84D1F126D0D28A1
ECF128344E9FF9F1,C2CC13808B6C4D46
A134777FF7F33331,560853B9DC47471B
113E6E3E50E286B0,86686BE9A54544B3
E66C690248F11150,D826C441C0EECCCE
A0261AEF7ACFC51E,D38D21E62402F180
137BBD05230DB22D,770D31B59A5D1518
F2FD55CB574BCC55,1C06EFF2850DE499
7206F674F2A3B1BB,97D0CF02746FBEB4
74881E6BCAE2327C,8CF15536C2885718
4AD490AE1536933B,B7D91A5256E2FEA6
2DE6C5E2E996F178,59972012E3D2E83C
9D277B76D1D12222,9679436B1B435522
10706DC6AD2D49C0,3409C874FDE63346
07DD29D5E22763F1,9EFB9FA4BB7D3022
135F9B7B7ADD2185,65599BC71ECD9E96
17E0198B3882C2CB,B6F16D6A27B1F6AB
487912FD248EFDDF,935F68E5161F9331
EF26739BCD9907D5,11C6FAFEA33DAC78
F7B2CFDE5C9F700D,BEE2140D9B5C3750
DDDF64C91BFCF0AA,EB27A097A9B4195A
F9B83B77929D8863,D04E96070420D684
A1B043EE79A916FB,7B4DF4D15A3D8A63
9DCFF2AFB68B3476,871F5D64A7186019
94A8394D150B013A,DC21F812C53C1BA0
5AE17C6B0134B7F1,5781CA93A99BC384
02A8BEC6FD9AF660,BAE8F9A04BDDFED4
7284A47B3540E6CF,FB592D66E49ACE42
4D86CD31E8976ECE,D8BFD04305D960D0
C3C7A6AFDB244624,BC7DD936FAB5B033
C116FF9B4D488291,1FF4424D3D1FEE0B
71DC455F5CD1C2B1,D86C3984AD1BC14D
3855FB5EB2C5E8B2,62C21892E32BDB00
0D77A82DC2D0DA59,722971BAB3E4284A
120364DE2845DAF8,E416D3D828D471B0
85A0EF54A500882C,8B48A87425306D59
2CC848A861D01493,10F7D3E143C6BFE4
7E58745504313A2E,45A4D664C42235B1
57005C18827F3A28,F92FB7BFC3CD275E
3F9990BF5F22759C,7613A9A31792E306
1171A97A3D3981B6,352DA825B2FEA76D
E532D6811B3A4D2A,04BE5B5CC9E4B325
4A595C32F77DFF76,D230FAD4EF73AB31
9D80CD1D0E6327DE,BBE0D0DF58DE7F97
0B203B4AFDE53A4F,982905734682D639
121FB4DDDC2D5291,AD50B3F3A4AE3538
2365C388E393BBE2,684B6B15CF038F1E
E57397B4A3429DD0,4EC07525DD602A5C
2763BBAA72A7BCB9,6A9048AE90F8D829
FCCAE5B92A830878,4131C705AAC1EA0D
F8CC1EBE0B62E29F,3B8A1884912A2D04
6CC86E78358D5119,F84CFB580CE995B7
C55854C7D7274882,7AE639A1B7BEB0D6
957838AAF91BD12D,F578FA0681152EB7
30CA2EF91D15ADF8,A0AAF0B260380061
617F49C2668E6155,2FA97C2DC77433C0
1888694923EF4591,9BB49B018CCD0998
271CC6AB59EBF9A5,04D04F99C1B359D6
B7ED70C49521A61D,F2383CDB821550B5
E5608CA7BC163A5F,C4BBA4BFB2442AA4
9D7696D8F4FA6CB7,74256707D1D64CB1
C1E963C58664B556,BBA55BE9AAAABF44
F8C54A461C3E11DC,D3644007ABF34A53
BF1CA77833E58F2C,23FEC23FBB7979BF
EE76FF7E6A0166B0,05F358400C3C81D6
595B5178E412E199,6F95CD9FC5F2A76A
23DFB504655D0CE4,16519F476D90D785
10BD227A753B0D84,FB401B1506713938
85F6C9ABA1DE2BCF,57A8438ADEDB40A6
24DA7D7667FD7B09,506C449BF64659D1
8B0C2964BA471961,9D758632BC266B9C
02DEAAC8F8EA7FE7,BFCB4A2A59A0028C
C3654A441402562D,9D2B2BFAFBC0DC9A
2E65248609523599,8B5C4EB193A1CF0E
8BE1146DFD5D4468,B8240CDC4A1AD4EF
F020C96915705B3A,AD95C8C9FBF8ADEB
1CCC708F0F850613,9872617EBA0D15F2
CEF214315D276FD1,7AEE1151EA84CE7C
7ECDF98587E92DEC,F9997CBE42FCEA8F
89C8553DD3274AAE,97D71D1F463885ED
5BBCF35BF6E456F7,2300D5427AB634A0
599E4FA1F87EB5FF,11812CF89B710148
CA575C391FEA25CC,6AAC17FF6D7E9BE1
8CAAB2BD3EA58BD4,991953A4A5B671D2
ABDABF4E1EDECBFA,2F6EFD779B0D9B0A
5D96CFB59DA076A0,8DDFBD421A77B08D
74C68EF97645E79D,01917B67950B6C54
55EAB010FAEE9380,2CCE404BB4A3BA4A
6E387895952F4F71,C51B27A99761B57D
5163D070808A608B,1EEF6FE2B3107AA2
392183BB9EA57697,D2F10974DB302219
01894E2EDE923CA2,FBE33D351BF5BED3
EFD79FA81DFBA9CB,B4C725BF0CE24399
28B022A17B068A3A,B094210A61D4E6C4
A50E117CDDF82F0C,E75BA2ABC80DF859
1DA0DA9CB3F0C8BF,884E047CDAD312D7
BC9CFF381338CB4F,28B81D29CDEA054E
143921E45EC44D62,C9B73A3470421492
2970EAA18FD5E42F,1CC9F6FC902A1726
9849DE24FCF23CCC,4B4359E6C6E64685
91A0BD635321F145,4B9078DC74C5BC7C
37C8252A7C92D017,C89CD38D25080855
82E0AC411E41A5B4,683C02382ABD9018
9EBD751E5787BAF2,A07AA4D857C37D97
45A561A9421AB6AD,C89956B0D1E1BB89
838DA0936A24ED4D,69D05EF4B2FF3C93
9969599CCFF5D85E,A7338370200A2E6D
887FA38787DE8C72,C60554272875D76A
5C90CAB09951A12F,DAFF10BDBDC9849B
203B527D1B77904C,AE386BF4C10DA2A6
B35CE999E8EF317E,0D2F8BBA6E4F7540
9C375C315099DDE4,F2A0735B7B685E2A
51F30DB60626A20E,F79790B62B6C73B3
6483C25849031C4F,BF19108B32D40D3F
DB1EA9411C8911EC,68589862C998EFAB
3C788E7F6438754D,4E2E052449EBB471
4B5B4DA5D79F1943,E4DFF80C26559354
44621483FF966526,13EC94A2AEFDE248
A1A9FC1C76A6730D,B55F4A9B15B8687E
3DE51E9C80B116CF,8914C23892578262
25ECB9F8017D98E0,81176349BE8B3031
8EF5573A1F801A5C,C96A22FEECE3C4EC
C03FAB2C2F92289B,31A67A0C26C672D3
274A1519DFC1094F,28B1DDFFAA8928EE
5A0A3D1A186A5508,50A9E5AA46A6632D
378E809BF61EC840,FD633D7231E1261C
7B30F65D7B710098,7E6D21381B69BB04
1AC8F4AD40E22127,9F7D387F30FC0EBE
19A30C23F5827F8A,182EADDDF63B0B99
B81CF134AEB56FFB,CFA42DB3D64713A4
ADF084FB8F075D06,ACDD3DE0475552EB
2B2A2CC86778B619,4887295EB4BCA068
B96B00E976BE977F,4B67F6F179EDA6FA
CFD16F0DB5A3535C,E8ED0B27F25D2A0F
5E5E99285AE812DB,EA155EBCDF7E6617
26143A59EF48B262,DA5FD61382FC636C
3F9F16F8E65A7ED7,074C52E93785CBDD
1EAC5F91BCBC5073,9FD38F64FBC1F717
7AA5B4CE533C858B,45FEE0510947498A
5009DFD741329729,4B33D6349C137416
48C633E94A8142A7,B69CFCD3BFFC6C49
36492C2F0D134C56,038C9B2E74840F55
5991A01434CE9677,850FF0C17C7B65A9
25AAA32BDC98F2A3,BE493E7C1DC3CE50
A916396DF4154EE3,59094334ED7162F7
0BFFB028B3DD0A97,CB5CCEF2770E05F4
41290B40FA63E6DA,472CFE0C870FF017
8C4F3BF23B6237DB,EC609B71FAC841DC
D29EC58C2F6B5014,4413D406F1EDEA57
1563FE35E9928E67,D79EDAD54826AD27
A67F9C46D612B6F1,9660FCDECA64B930
65B080555EA48149,63330C16A0672545
7BBE7FF626A591FE,837027D0DB9215C0
B28B1FE5BFADD7F5,156CBD8EA5220C1A
F5BC95857BD6D512,FB818B147C12D4D9
B81656BC81FE24D1,F9AF7AB8FF14C166
14892474891E09EB,4D65AA7135DD3C30
4757F00BC6323CFE,AF6FA77785DC1A82
E902EF951DCE178F,C053645D99AC7C4E
6E0EB3EB47C8D7AA,A538221C7FC0DE1C
8026FF78F208978A,87A6D1DC20BA0737
975D66A0BC17064C,82585BE8D19B07F6
77DFCCF5948B8C71,95FFEDE0BB66029E
06A320535F5F0248,879E0FC1ED4201FB
444CB7D7DBE6973D,D73EFAD88BCA203C
8A4986851C4EF6E7,F848D3A62815E44F
3732B103E2EEB0F9,F9842BF7E4D7204C
0A60017F841A54F2,396692348E07BEED
E615BB7A7752C76A,1918725DF54CC57C
5F43D83FD6738741,AB123D3BD3F76D93
416B62AC8B9E5BBD,AE4A3CF03353E940
5CDAED54B34B0ED0,5B02834E66E85E13
EA1E2D93F6F75ED9,B6E25AF70587D361
CA4CEA6AE0000A7E,116DFE5AFF3A45E3
0B3E35AC043707D9,7AA174D955FD1B35
451D05012CCEC234,B2EC584744D195A7
438822C279B73B93,2084621CF6AD55B7
B1381B97F70C7B30,366F2EE77E6D2120
A1183BCFEE0F93D1,404F198499B17FEB
6E4361FF3E8CD7CA,493C7A4C8597F9AA
7718D2E2060837D2,D4D000BA86558503
E3A7742E0B7A2F8B,1078CCF56E8B37D6
3430676B11CDF21D,AFEF2DFC588B36E2
DA024BDBD600F44A,5620E03C014DE077
A68D3D229F4F3B06,B02F31FBBC19DFEF
498218259FB7C72D,8F1B7208917EB0C6
41B9FB92EDED32A6,7A79F2D065AB798F
51DB102F4A3BA5E0,F9D0F398850191D4
A4A9A4C40E615885,FDE82B356E763855
50634E348C8D44EF,4083482D43DC9D81
889329C80FE5963C,76BC2EF8CC1D59ED
36F32DE87082343E,3073345E4C694DD6
95BAF97C82464629,72D6504D7D2FB611
1C57C94A6446492A,63B7A52E383DA56B
B20834A7DD3D8896,3C3BDBE1994D11FF
911024442F4898F0,485360997059853A
43C677F1E1158005,DCDB00C8F8E60948
3BD770D281982DB5,70AA697C9D69D60B
6DEE944E1EE90CFB,44469A8E828B76FB
D48FE545CD46F857,FDC0A3F3BB6292F2
3158C77A7E888AB4,FE4F9416E3A24776
613ED644950626AE,D1C08F118D9E0117
6DD05E9D83EFA4C9,0678C35B80A8CBFB
FB80AB299D2EE1BD,8DA609693773E857
6493CF69859B116A,1464E55BFE0DCEF0
425A920FDB9A0DDA,CFA3A680CE5E08A0
D4B8E3D1917BC86B,8523CD4FAA5208C9
63ECF581BC70E363,ED7395E0967076CB
4159C2762B5791D6,B3C4254EDD0C10A0
DC6F8601FAF2E893,538570A438881689
734E1714D077DA9A,12C799CAEDA6AE3F
96EE0EBA0163DF80,76C905CE995A9E84
DF6CA0330F2E737B,2B2F5E069710703D
0BC3144DEB678666,0DDDA8FEC627EEC4
08F96CA6C551AD51,5854DF8212C41C85
5EAAD83F8CFB4575,60BEF0DC9370900E
1BB299305C3E8C13,B27110AE4E7AF1F1
8A800DACCC0DA55D,151AACB45F2D8C16
CA465D9CC0D231BA,A71839643FBF43F8
2B7E9A4EAAA93C89,B2EBF1DBE6A107A1
5BC9495F0B3B6FA6,D58F21CD47ED1D6B
DC518000E39DAE1F,97069930B6961A6D
7D395EA61622E116,5ACE694C63234EB4
1FF6BF9A63E5757F,01E24137A29CD670
68103E2247887242,EC463E6F546DB91D
B5A4DB34FE89B88A,D8EA8B9488DA3292
4EEBC3694E49C572,AB169BCF05A054BA
B9351A07A0D458B1,5615CEB61FD013D3
C74C33FCA52856D5,0EF48368674E888A
CCE26000E9A6FAD7,278C3C833C547EF2
9BAE5AD2508DF078,71897B7BA7AE4A1C
D6429A016084F1A5,229E8F08D62A7D93
8A35C742130C6080,BC0998777E9C4C17
2272B0A1343129F4,133C52AF0E7B5C0F
0C1F7D49C39D2289,C26D4C816CAB64BE
0AFCE529F69B21FF,69D3ED93E8C0766C
A72835064DD63E4C,558A4A5E67A4DF55
68F01422BE1D838F,E1CA0AA679F28E96
55384438FC55AD8E,C99D0AFE94E7337A
F1A1803D3476F215,FC34A78A396151CA
38BAAA5DD4C9D19F,1EFABBC6D189C872
C55A0B40FFB1ED23,F661609B6220442D
1DE0F5F50D723CAA,61E5A12A54AF7ABF
4CD49B76338C7DEE,3F029A6A9441FC06
407F8D034F70F0C2,B219419D69E14AF5
57A995FD75D37F56,23079539E0E789AB
2F0661C155AEEEAA,631862A7849C6139
F8B0F5A43E928C76,C9B12AFD07AC8CDC
AA059C615DE9DD03,8B27CC6455F82A38
B93B2867F7B479D1,BFCC0DE8DF47CFD0
F086AD9354FAC3A3,DE122780C559C996
F98E4B3E56AFC7B1,2EBE157228C5F499
D2049635DEB9C375,8492951AA4C5E1BC
75816577FEA6DAD5,851159CB723550FF
1DD2139A9A20DCE8,7DF95A3626CFA8D1
90A78ECAA4E78453,6B437484F42FED9F
731EC8A916BD11A1,9F210DE9AC528164
D3A9971CADAC7252,7B9FDA1976BF0B5D
23BA6B0C2AD7B0D3,6D9E438DE95AA29F
AC26716048436851,B4077F8FE299B96B
3D3D8B3BE5A83D35,A6868D955AE43D53
FD1695C5D3B05439,084862F5BBD6FFAF
C91C6C55199308CA,C9248337A8F81981
6B7256074AE34680,B7305925879F7231
A51C4B86B71652AE,A6E95AA707AE98A6
06F761EA47C1D3ED,0AFE9DE0395011BC
C0416B061F2B7E5E,14ACDCA89CB02326
64E5C4CC82847B73,003AF354E818AEB0
A699957E60D80214,98C53BC0651696B0
FF266D1D0EB1195D,01965518E9188F97
DD6BCF9E94425DF9,94DD3780B7D84CA9
DBAA5EC848BA2D46,DDD52AA27400EF1A
B1BB03742917A5D6,59E6090EF8D1C735
2B6D467DAB714E8D,88B586663F001D13
7FA5D82B8F58EC06,FE79B342C22A0052
5B0316762AFD4A64,FD59FF1730640DCC
346EF3ECAAAB149E,129E13FEC2E01C2D
C8B5C4A79CC18B94,46A7736C33BD33FA
FF6BE494C7987F34,5895B37ABB115488
76B3F29D3F967692,0C0EE4235CEF6BEB
159B7318403A1CD8,551EB0FE7AB0B6CE
E41CA53051197A27,DAA1E5A2BEE06B50
D7021272EB0A451E,612F4DE6E22C7FF7
478DCBD2A98B705A,7EB72F98FF7F5344
E01903C47C7AC89E,06FB234BBA422A9F
AB6781A5F3101470,2CE298A5104477CC
E2B187C0939B3D32,4FA4693156BA81C8
1268615ACE24D504,F5D4712FFC9D01D4
AFAF86043E5874E9,890F0EFD8389B8CD
01F6594B923B9251,C80067C6E96DC6B4
C34BC448DA29F5E9,6FFB5A1D068F7385
F83D0FEBE75E62C9,55FFFAA4A7EF5C9F
35A3CD97B2C0A6D2,A6B38ABB8F4380A0
8410C5E0CD847B9D,A02CE3E77460F58F
17330EBF2F2124A8,369E9EC08F57DF02
6F4F599753F8200A,C320F09F3EEF6FA7
11B499C1E0FF8559,52EA4804CD21EFE2
376C6375BA60293A,18053F2777264B9A
BC0753C9CA14B506,3F0C68D0F5C4214E
8A8694B48715B000,19200ACEA459C460
D7D22F5592AED8BA,B5928F039A5E46DC
C142BE3BB9CE125F,911740B9C4E02699
7813E8B8C4AE4799,BA4A3CA0044D7B57
4B5B620C9B59ED34,3BF41B46B52FC189
5FBCA48327B914DF,54A7FFD3BDA60D37
645D663DC4B987AF,74698A07E06F2F97
C8E9B6B71B8E660D,47B4D1801B82A793
38B7C51AB1EDC7D8,68238EC4457CF24F
AA6A6098851C396F,995F3726546AE292
9A665550F8DA349B,8DBA1FEC6E8235EE
F06A6F41CB445443,9EC494C67ED8E15F
9769F811D1785B03,B126455193B0249B
8753997EB5F6EE3F,C4BFC80D1A8C7DF2
0F4CC924CF8C7B21,FB7D2BF8B40462B0
B118AF58B5F332A1,FAA3D6C1680108A5
B8B52E498014F5B0,CB5052E71B900099
6D03BFBD643B2A02,A290AC8692B13D89
E7D267EC6CA966C3,01BC261FABFB54C1
50276EF8172F5F12,8B7AB56D7C36EF28
3442775428FD2DAA,3336178C3CB28939
A4EFEF9440A5B0EF,1F92B924178A26A9
3441CAD2F2231923,92408A8996EC1C80
4C815EB175086F84,57266BDC016595EC
206BC5DC9D1AC70A,C9C455A5B1CDEF99
41062318F23ED854,E3EC59535D9B909A
9BDDC73CC6A115D4,50B2343E4A31E66D
66979ACF5102FD2F,8E59B9B3A40E5179
ED8286F71A819BAA,27A717D22B41275A
BCBFCD9D1DAC19E2,003042FDDCA46622
A17BAD153B51547E,3CF323E45610EDF5
6D8EAC07506291FB,953D651268784E4E
685D5561680D088B,664A9C693A971BFB
56EB5E94318D3FB6,AFE591D41A07B2FC
6E08BF5B3722BAC9,A69AF6D166A61AC8
1BBAC99C0BC53656,FCCDF4525B0FD2D6
756AE6E962168A04,9F54648E5BED7D62
C946FE14BE0EB5E2,371AEC43AB6A2A94
37F4AD56ECBC0CD6,F15BB9154218AE8D
3B3D11CD9FFCDFC9,70F3087E1D69E208
1FC289A0C3FF470F,925E5D5383C34D2A
616093EC6B139DD9,BD561C8FC7DDF9E1
6F697A66CE78674E,5F128F6719C40572
9E6542F0CE8E70A3,3BD7A59B7421B60A
4E52E752C76E7E7A,8907F12AEE458EDE
E7A0D23DC414507B,324E9C77BDF774EA
12DED8CA53D47EA5,0484D99771630DC2
A74802FB8D0B7814,E7B9CAAF8DF31886
03300B57FCAC6DDB,BE8646618B3F1D3A
11B56FBBF7224868,3E30A427442AEB24
23C3EB807312F01A,5D5B527FBF1A950C
B746D20B17F2A229,1A6E6A5562EECACE
63B406D7884BFA95,2F4AC5FEB05AEB81
4D02279C83BE69FE,A082EAA17C26C492
597F8DBA9B206FC7,81F32B9A798D5EF7
C7397A83F7A2A462,FAF3663F722E0CA8
0E4F77F7B9D74D84,85B27F99EFCDE96A
14D8518E9760F08F,6B59D1A09BAE26DF
67AA4D73F0CFA86B,32603258E090BD7E
B309EBEA797E001F,751124B4ECCB0160
FF4803BC019852D9,6801716FD8B2AB58
5B8ED3DB018927B1,30C35F7F42E16D7F
DB34E8D56FC13B08,61B8401CFD1B9F42
1EAE6DD17B7A5EFA,F96708E0100C7378
551DF99658DB6EE8,AF70AE55A89271D7
FC481C641EBBD27D,1225E24ED5B83AA1
C6941B4A3A8FBBB9,06ED0D3AF6A366B2
4DC9A62F844D9337,87DFDE65B6B249CD
39A5FB7EAF150840,EFCBADCBD14F960F
0378C08504160D0D,C5F21E948A5D2284
A90E7227A9303FA9,8381607823482FFB
53E0DF1A2A3CF0CA,F544C3F7E668A8C9
62454A641B41F3C5,15A3DE8D4CCE149C
8DCA505A5C196F05,EFC0248830DA402C
F0F77ADB9F67E79D,1B2D40862EF63C5F
AFC976FD0580C7B3,EE1AEF687FEEE5A0
F8B49F5BA7F850E7,1B15A15D70CA5CA8
D68A5FF8A3A89874,B27207FBF41B1AE6
AEF12960FA943792,10768D2535A136FD
7C0043FDFF6436BC,CB6610732EA7B3C7
68F8BE6AF5CDF8A6,D061D76A4EADBFB4
5CCE68DBD5FE93EC,E02F00A88DEA7AF8
0596843B34B95CE5,18B27423F12E8F5F
3ED2B83AB2E82799,BCAA1E28389F3218
E851471AEFC3374F,03627CC8826504CD
ECDC202B25E5CF48,212519847CEA2BBE
44F1012B69313374,7E4F77FE197589E3
DCC07526B8EC45AF,1E05A25F13C496A6
C30BDAEE47256C13,1CD5D6E16F5BD950
B885852C39CC265D,081DE0747AC1B2AA
0ABF535877897560,3D55DF95FF454E8C
658500AE6D723A7E,A5286D6BD8C685EF
1F351CF1C6475734,312B173020DFD707
2801D0012266DF07,58222F98EDED588B
CD6524439909C979,0DADCCBB066E7AFB
D3A6A0EF48823A8C,8BE006E7CB1FC3F6
D0BC1C6FB18EE154,EA4481256DA774DF
2D4259F1FEB81DA9,84869B5AD568009D
91EF34584710BE99,E7C19BED624A12EA
9DA58CDBF6BDBC08,DC2CFB61094E641C
A5EAFE473E45C442,A4D53EACE37E1631
73B1189623049839,E1D6DBEF26CC7DC1
2D3B147AFAD49DE0,12590DA75EB3CBA6
CD0A8A9338681CF2,7064535E895AD161
B3CD51E3DB86F176,4A56DE84F7072783
CBDB9B923CACC92D,EF9B9F0B4833C89D
A1DD82F3CCF9A01E,024656337542D517
0D5F65A8F4EBDAB5,0328F776CF87196B
4AD280EB48B2D8E6,0D3F9974660E17FA
7E07C78925D5FD96,BA7D57857CC0E9C3
55ECF4D13D9903B0,60FB75D734CAB145
003E92BA477F9D7F,53B2586DB8F999A7
394BDE2A7BBA031E,A882925F5FC924CB
3E38E28A1D80DDF6,F52D9FCF2CE249B4
6A3975DEA89F9A17,886E0AAC0593D3C6
EF2C71A32CAD5FBD,33A9A57AC681FFE3
ED5EDE9E676643C9,EAA3D549E6D6990D
0205F5365292D2EB,C9B92219B8901A09
38D28DA81E4E9BF9,A37661A97993ECAD
AFF4710E2A0A6C12,DE03EF0216BA7186
52DFF8A10508090A,89CC441BBB263BE6
737E398138550FFF,F01530C0F19E8282
F78F94D60248C737,6E66A0ECA9637C46
D2A207EEBDF9889B,518361F4513E9D45
B5CC40FBCB586380,0DB260AA7E5F3D1F
1DD45F9ECFDB1BC9,DE70FC61C90EDC40
3C06B8786DD94CD1,4CAB5D76DA27816C
413C6C763A4AFFAD,C071E51E68F45BDD
B385523325077210,2ABA9D185AB7BCEF
D1942374085C8469,0702D7210420E04E
BFEFE3321A3F5015,34BDBA070ABD3605
11D1E53A726891FE,869BEFAB207A06B2
375E7FC44F21C8AB,D48FE064DFC88949
8881C98A31117998,5DD93AB0945508AA
D0917A423314BBA8,34CA26F4ED7992F0
EE4EBDD2593BA844,DB6F136202032BCD
68B562E124CC0AEF,3946638DA7736425
8DC9675797123522,7701EEFE7F351B28
065D2AACAD8CF7A4,DC1E5B0740D8950C
59C3757B3B7408E8,373CAD73CFC80EE8
87DDEB611B329A9C,3D63BD58D4AD95A4
31E90B8873A4CD3B,C1E313A540F8EA0E
EFF296097FF1E509,D0C8CC76E86F6B1B
B4771B9AAF4E68E4,D18E1315169D2D48
7EC3C679D0E7E46B,790D5A7482DF438C
2F41A3BAE005E5FA,1B56B116998738B0
24C024BA8379A70A,3CB3EBCFEDAE9509
8BC515BAE4AAF8FF,151F8A4B84E3E613
43FA7CBE20DAB219,45D4AF8EE586A005
A78DE25577300BA1,6FCD5BA125F215C6
9D75795B9DC6EBBF,86256494797305DE
1086127B3A63505E,DB6B96C1574C049D
FF5992E1C9E65D05,9491F1AD2C105446
FEBFBFDFB66039DE,BA504270EBAF176A
19E50EB6E33E1D28,7500BF0C4F5A9857
1636D7FC127B10D2,1BBDAF7867AEE1E3
BCFDE9EDE4CF27DC,DFDC9F55636E70E5
F47E567B3630DD12,3652265BE50D03F0
237440E46D918649,E605B45E9D524E2D
988DB6FE9B3AC000,DFC3B34E5322A694
4E74E62E0A97E901,8F88952006DE23FF
BF4DC1784BE94DFA,1E6ED0965899A872
BF4F34A85CA2970C,06EA00EFD2FAE447
DFC8CBC606FDB0FC,7A191EFAA83616A8
162F9D995753DC19,356DA9D0F27813D5
5068F488DDB54DD8,884A80337B41B3BC
32EBD154CB6B8B99,C09538ED00E16CDF
6F0F77FBA9A8F2E6,AA7DFD3342F5365A
A01BC64DD4BFBBAC,512AFDBE56A300EF
0C698D8F099174C7,09F6AE041F3F427B
B251E0B33E58B424,D75F380668C5172A
9641588DAB93B4B5,71BEA1F53F487FA5
9FCB3CBFB3EAD69A,E8F28CAE1A1438AB
B7B873520C84C118,D9FCC3607602D184
9078C0C5EF8C19E9,C2B92342CA52F7EA
F06A16CA55D138D8,511C3735BE352A9E
D7B6C73CAD419BCF,7759A6B72D53AB8B
EFD97FF47B745B8D,914282B9D3994C97
E4C3B169876D33D7,C036337DEC373C36
928DBFB892638EF3,19415DE3E26A45FE
8F390AC4155099BA,CA5AA44C07CFA59A
2F074C904D85129E,A1C3DC0485BCD60B
D10F442036302D50,C912F94B84806A24
5896F2BD5683A4E1,D008056213B0A5B3
F9C1681347C8BD15,93323F20DA525630
25D990F8E0E3F13C,953E1757DB396DAA
B2092A1EAA7FD45F,5E32EA3E4EEE0AEE
BEC0816FF5ACBCDA,8C30521E66F119C1
705A844002B39DC0,AE96FC485F60B441
80054D7FCC70EEC6,1E9112F421112A60
BA8D65C1C65702E5,9C261A5F13927170
823EC8E82BA45986,FDD7C7A51B609A5B
99A05839C46CE316,290F73D78EA7ACBF
F051D9BFB6BA39C0,55CC7E45BCB19963
EB81A3DADD503187,472D59FA6D5D852E
1A6CBB06E2D0D79D,097DCA9DA223A91B
A6FCECCF4721D679,998F68DD26BCB3D0
890E2C5ABED7236D,46F93E0185146CE8
B5B7742424BD4445,D394411AD4D4D885
A46B73FAA3460AE1,05A87766807B8A5C
637822DC2AFEEBF8,5E7635B9465CC034
F78B803082D4386F,318CB1ED360A4FF5
78E8E3A640178255,1E52FBE830B2DFCD
977CA98939E82E4B,23AC95D6423AF731
8CDDF1E452BABE11,E32DAB4CCCA1FC90
0AA27680A0BD43FA,B40044987521BC2C
E301BD63E9E13CF0,5008DA29B95E7CD2
8A694D7A68F8DC38,C2EA5210C33CF647
49B856B1360C47C7,5CE61A4FC4F936F3
D0EF8A959B8A4CB9,850FB7A5DD127825
869DAACBBE9FA006,538212CD1F16D9F3
F3162836C28F9DA5,3C466A034C95F4BE
3CDC1E622CCE0356,6A293C827ECF5B46
75773E11BA459E90,9CE97F6074FF7DA6
47B595D60664CFFA,8AC463FE615497D5
C5C8F970D4EDFF71,1EE7D628E2408558
736D7AA1B750856B,B803D1857792AEC5
29280002282F1928,AB025F71E5E40DF5
A2A707979FE754DC,5DDAEAEA3F8FBE74
E6717E652B8C8D8A,B1CA6B8274FA7F4E
A1AE736541B0FCA3,79F3DD090B3A464A
EAF66ACDDC794793,8ECFB59E4DBE2DFC
9D252648778160DF,DB0652AA3D1D5FC8
5B91B229243351A8,F3CB671859017806
17F7471EACA78290,7337960ED0BA80E4
B214D570EAD7F81A,FBAF7BFE92C3F98D
821FDC827D6F4090,50FAB06DA64B7430
CF9159024555488C,C0BC89464DA1C5EC
3F5CC444DCAAA8F2,E1824063F3D48143
E8718FAF591FD224,2BC1A32FB52E8B77
04F2FA6E234162F7,A9E8221D38125321
A2459F72C14E2E8D,89BAC7925830792E
2C96CDB04FCA358E,A3695A8D781A6EE6
F55E4046F6F831DC,EDEE67DF8B262119
E111A7C0D200CBC5,CD67FE6304FE304B
B569F41F3E7E83A4,174AAF83A70E9120
F6062E089251C898,0BE9A992AC49F59F
BA3D194057C79A7B,7E7395B67761B607
758A5C1B3B1E1990,6C2486BC5ECDDA14
B3ECA65C7317F174,57021DB284332EA0
488043841BBE156F,7A10122733DF87D3
394CD08E31313C28,CFFB7963C01FA6C5
490861B88F4FD846,9B0418DD3F3136E7
1FC200409F10E6F1,BB1311EBA4164013
407091CF6037118E,8877012A104BFBE2
6070104B699B2EF4,6360D952D171209C
211AB1DD8D0F363A,44471B63FEA886CF
6524A2F114706F43,31ED3529E5017C08
3133B907D8B32053,0ABFE58DBAFB4A60
796D90EFB19AA332,16D329E799CE6084
C79196DCB36F6121,3992DEA26952B93A
58A39BE597CE99CD,DF7DE9F0D36EB936
5DBF05DB5926D089,E5C58DD2B9D4966D
6A51F78772175A51,D6159D9B9FBB833B
2B40A97646381508,18483AA0EAC0B3AC
259BA6D4E6F808F1,D6F6A5AB452C028F
393BD2275CEB7793,B0A93880ADC04AC6
E8B9C0EC9E183F35,C21D718F0BA31631
E05DD0E9707003A3,C7546390B55A7FFE
9DE624D2FC4B603F,9ED0E4967CF9B0B1
1EAE0A6E978894A2,E039C0DD246588FF
D4C4642CB7F50B5D,480621E4B2C11985
B6871B0555B02996,39CB74F6C6250CD0
6AFD2CD753FEEF83,88CD7D8164EBB753
A13C11E1B5C06BFC,98CF439620DF1D3D
2AEE8F8390D2298C,C73D3E5416A7F7D2
5BA68A0840D546AC,8C6C40D2FB54200E
4419966C9936071A,69A05F076ED895A6
F534D94DFA2EAD26,F2EBB40684982099
EA12BD130D7569A1,695C095045CA6437
F846AA63DF56B804,06D4187765EAF5C9
3556041742A0DC74,7264A30B4B7EC628
27AA1C973CACFE63,856891AEB889ABEC
AA525DFF66BB82F5,22B36D660BBBE42E
60EEDC12AF66E846,ACDCD19B6E8446FD
2E4C123D1C8A710E,978BEDE0E493633F
83F813570FF519DE,908774FC550804F2
37D5F739FD494675,6A425BA8758A63A7
3B458DDB57038F08,6811E9A010A86065
531B84E7DA981FB6,50AED80F13EE5970
FDD85225B2DEA55E,17D3BC66D3879B6F
17430B918701C342,3022D2F54D2D5800
17AD8C9706BDD88A,FA175C86E2E73F8C
4A0C7C9BB10ABB36,998C4481FF4E6992
956B409B984D9BF7,52D6C041E20A8DF1
565E430DB3B05BEC,4783F45F2704D1C8
56A3B51944C50598,B0DD106A5BCD38F8
6ADAABD3068C5235,5430621E372A60EA
AA3F739ABDDCF21F,136FA3E01F15E56C
42FB3B532D526E6C,3A21CAF837AC07BD
A34CB6E6F0DF4A0B,2A29B783B2BA8D5C
817B86108EB94E51,48506AB156710F59
67406F2C8F87FC4F,2233B99BD0212944
58575AC3CF2CA8EC,D757C7B586ADC2A9
2C173AE2BDB9385E,EFC843EEE5626CE9
742D6FD43115AF73,4406369AECFF1937
A3C0B359DCB848B6,A279F991B433DFDF
532CFF637EF80148,A05BF24B3F194FD6
DCFB5D4DB8BF367E,C737989CC7E336AD
6B1DE27EE78E6A19,43B8FFA9FA5ACB37
8F5EBAB1F260CFCE,42CE5ADA1F65840C
E6B0E8CFC3633BF0,36BE5A905BBC3636
814C9D19DFD69679,565B81E7D0A1F131
EC5E3AF5289DCA81,5CAAB966E92690FC
4F930AD022D6DE3B,D10D64C52C7D4290
5983BB449D7FDB12,E0EFEBF2703510DB
8EF52ACAECC51D9C,CE501D9A89E71E15
4237E822315D8BA9,61ADF659BDFA734F
D92C739EE34C9EBA,8E868F1DC956B37B
B3CAF387AE12E9F8,DEEC139402C42293
949F397A288B28B3,0E1D04FB9E7E48A2
8C338E0263E4FD19,09BE126FE9C3EC70
ED98E10B0AFCE4B4,813B85D3250887DC
E41885592B08B097,F9C6E0A62DED8BBA
892B6AB8F33606F5,4882599D8FCD4BB7
B1B1EA596344DFAB,E9E3C11381ADDEDA
FDDB234CF74073D9,81BD72C1DB83D0B0
AE032F8BBA959E90,1522A43546FE42B4
F8EBCCC96ADB9FB7,CA6689A617E3F81A
B203913733F27884,D42C61FB1ED0D399
6AFDFB93754950C7,9E6DF64305F09E3F
24409FC4C55CB22D,3CD6741718F9F697
4962CC4AA2F345B7,464CBD2030324A08
DFF09646E12EC386,D9072F2CE5406719
38D5B0FEBB086F75,208C71954B1AF24D
D39B3FFF8FFDD5BF,B31202004947E8D4
728C4CC7920CD102,5CDAFEF86032B4D9
320D0E0D936A0E9B,6131701056D50D92
A02E59562D711006,FE7540F1BEE89108
F6086BC836400876,07B3E7B841604E09
22102C9ABFCF125D,B71F47F9B78DA5B4
D9D620E0AC6DC4B0,0DD9259ADC92B51F
FD1D220394BCB824,121C91C4B97233C1
7033EEFD9B28088E,6268ECE592AA8224
5D2BFAAB8D956E0E,F830EDF157093631
350F82CCB186AA1B,62560DF60F74AA2E
71EEE69745088DA0,81716B9C66006BCB
A95CFB4E02390842,F0688AC5AFA15C19
35E39E5570358630,2A9849F429572E39
C69BB1D832A710EF,DD411D78E523A5A9
0BC254FF3A911501,57EE38DD25408ACD
9F260BFB59ADBCA3,5EAC714BD9D0AAEE
9097EB6D4BB9A12A,F05F9AAB15BF7DBC
477D9DB48F889591,FC93488310E12860
EE2476B9EE4A094F,06962D58E9B7C026
A41BCD7213805AAC,992D27781C0CAD28
826D1EE4D1CAFC78,404B58E6C3D47F78
428AD3E26C8D9EB0,C5EBFB4722B9119D
E2F53F172B45EDE1,9BFF081396CFFFC3
03C2EEBB04B3FB72,0640A6589856D2B1
5B9853296731E88D,E4C6BDA9F2CDD17A
2382AB11450AE7BA,4BE99ECA7E5B225C
0CF97F497FE7D048,407DFA41CBA14624
59D421683D31835A,14C34FDB158E927E
AB31EF4DE6800CE9,C40477DAC3B70EC3
96E6D5150DBF1C09,A7937A977D415762
F1AE5DCDBFCA2721,72703AFBB822710A
5C497525F803486B,63117B0163630D25
6BFF5F84102DF80A,DB5DBEA8EEBB4545
14922ED3E38761F0,3F7AA5D301095455
5ED0356A0CE3A34F,1053A983A6454EF7
FA8904DC5F304220,82418FCC3F5D788B
C64DED7EF0D2FE37,8728BC90F52DC55B
60E892BA4F5BDCA4,971569E906FAAAC2
C2B82527CA77053E,C6DE48EC77387A40
1775961C2FBBCB5C,BEC93E53B3756B98
D9B86B9872039763,B8A6B45D80C435DE
EF49CF0270307CBE,CADB541AD8CAFD43
2E0A74E1002380B1,3BDC1388AF8F601B
60EDD13EB3AC1FF3,C8C9BCC66DAE2285
82A2B386716608F1,5329E9DE665963BD
9C6A6C19B6C0C496,8BC66E032ABE9917
2DFC81C9B9608549,E2F0EEC94FEE31F9
3A9128352EAC9E85,835485714A38BB64
E67C6DFD386EA5E7,57234C03C800F98B
788E7FD431BD67F1,4C43652273FB9990
428EAF89E24F6C36,98973035271812B9
BB8DE8CF6A8DD8BB,403528BF4750B175
208A1888007FC0E6,C3C4B4BE188B77CA
50C7A99057A69748,443A6D2DDBF4F7A0
4C9034162368E206,FB1FF9FAD572A96D
C7F2DE41D102BFB4,780FC617D7FC172A
09C0403ED9A751C2,F87E965FEFF8C548
12103B9E0C9F92FB,1DA40927CAB4A47E
44FA03975424A0EE,3C5048E96C5848FF
BC1CC91205EC8D6E,19B10F122F21C510
BFA0A56A817C6C7D,8ED22902F82371F4
DF649C4E9AFDD788,75CAF1553BC8798E
0C92BA89F1AF26F8,8AE52F3841E687E1
085DEB493BE80812,D5918C818BA4C4C6
8EFCCF6EC66D85E4,EE47622FCCA041C0
26F07DD83A5F7F98,FB74E3D4C9031464
ADB57E5B663CCA8B,CD5A1EF40366D75B
46FB3ED415C7641C,569A845E698486C7
D6D09A6F32F49EF1,38F3F35ECEA220B9
684A41975F077262,E66B466234930799
ABB2FA71C83A1B72,A8AC1A7C8E8350D4
5DA3A8DE8CB6226F,D62E84C1A443A088
D705740BB0A1CF4C,5341D6E317032628
3795688A307E1EB6,10BF53672C1492AB
5C707A667DF8B9FA,A04CAEEE28D0C805
EB709A36958ABE0D,698D291827FA1D1E
CF228E2AA03099C3,8480C25C8B4ECE51
9C16459B2324B2CF,13CC864D5E3E38E4
DEA2B8283BAA3944,273F18D32824155A
7B7723747CCB55B6,EBB63BE9A9DCECF3
0C15B0E443B2349D,EC37C16B346A6CA6
DD100EB17A94FF65,DAFA24E60C13BB74
FAB944D4D481ACCB,3DD9D17D4E24538B
FCF6788FC4860CD4,E349682033D6449A
B09D25E77C33EB3F,98C542E7B3364E15
6856EC3D35C81EA4,2A4792B4A5345767
F60165E1D2C5370B,5C6C479F2842E622
18A3E9EE1297FD39,BE3095F04A319277
D7360051C885628B,79BE7AE86A6ED38A
53DDC75BC3AC0A90,44038141877BB4B7
42B2DAA6B596F5F8,3740237A2BE9E6CE
D38C4A6D047C019D,BE675095468F2B10
7DB53B37A2F211A0,8633DDD8C62AC690
2E0BF682CC778D49,4182F8A88224D46E
BA8805A1108A2515,128BB6DCFB7B5E45
EBB376779A760AA8,818DBE2400004E47
F0DAEF2F545BEE25,46E69BBED33E3DFC
876928DDDFCCC9CD,B6A5BFA5BC7CFB32
E8A169E666CBC541,0E50BA897C6ED5B2
5D517B27CF6ECD04,D417A40826D1E81C
953563CE563143AF,E4BECF52F473C9C6
92F0DA1E27DB96DC,9F681D0969707D0D
5CBF7BADE20DB93E,A14789297F71F875
8D74E26F54B4E5C3,1EB2685A677896F5
75BA1CB3B7D40CAF,9AE6D99B83780C6A
CD018C591F94CB43,2B13E7DBEAF31AF7
4C5E1F087CD10BB7,CF53468C75AE9537
511F1A683387C7E2,D20EE43CE51F293A
0506ED94363AD905,0F615D1063B43264
1E45B34ADEBEE48E,25BB121CFA358B18
675721C9F644D161,BDCE5D5EF559AB1D
B695E2CD0A2DA9EE,51FD5FA8105FAEE5
878FF156D36E9956,A66B02CCCE37E01C
66460DEDDD417254,0DC4BDBECF43BAAB
77758139EC9B66C7,C69F9835D0856C45
6512765E3BE78C50,F59936F11DA07629
0DBD5D7E3C5BEC3B,0676F68E0A01D918
5A6AA44FF8E931E6,ECAD01BDE6D79924
5DC577201723960A,3C8CA3A774D2ED66
F86AA3C56BA31381,3856AB98BC7D2687
0F71DE29AB2258F1,4320DEC8E1D74759
63DAB4CCB3273205,EC27950CC851C709
125BF4ABFC536B09,C9B5453495D7D28E
ADB3F206518799E8,F3B2C1AA21CB2C51
D4196117AF7BB974,9BB2BC07CBCBEFA6
2C1D8B3B19E517CC,9FD3277EF6FD8108
1F34B0626C594380,6AC98477BC7983DC
820E9892A77E97CD,2D1B626082626EB0
46F3ADD1E2D5BAF2,21AEF98387495FF9
BA91D045575699AD,B14FC6AF30784398
2605663BD4F23B5D,2851A0E816B8224D
04D90BA8207ADA2D,10C56E48AC346549
9BECD4B9FEF3F8A6,D1FCDB1A80175C89
5615E0C5EB2BC6E2,F0E158F9A3E43AC3
13F1FCB111B820B0,4D209ABE9FDF997E
B282749D5E028163,26CF1BA7E1C21871
6CDD58146A436083,03439EA52088DFA4
8B9CDBD6C566C38C,DF0738C894ED918F
B9562064627FF9DB,EC480CACDED4DEA3
C4B3347BD68BD609,764D30B9FE6672B2
7F06937B0CDCBC1A,E5CBFD5A687BD8FB
39455BF4F4F55186,488D52DCB5C2DCAE
6919A2F136426098,32753F96AF5DD5F8
6C3B4D6D13B4C841,A2588AC51F89CAFE
BD32E46AA95C1DD2,2238A7B9D277F13C
29A16F8D621C4508,F2CFEAB08D833641
AA653AE61924B0A0,45D871626315FDAF
BFFE53AE7E67FCDC,C1644DBBF6036E80
A247F9EF01D8082E,D5EFE8BB04B7B6FE
C0ED6438E6D39BA8,B1FE41B8B7B7E7F6
C0572928C0ABFDA3,EED665F842CC2DA1
19D1B791CB3670FE,ADE343F4FEB8F5AA
B17BC6453F6CF5AC,9D4D8A6D8528088D
EFC13B1CE30D755D,7BF16DDE0547C4BB
55F5A5F07134DE60,689C55D3F547BD97
0A3F820A9A9A9AC5,E6FBDCAAEB2A3D4F
645F4B6E8499F632,B7666EE93014C830
FDEC055AB549E328,1B15D9E90C06A9CF
80FE4F3AB4E1B62A,8AA1EDF529FD447A
35EDD5B2E3FF01C0,1D9E964F58A13269
8DE9945BCC9AEC52,8B2E07E3E5B15D48
1F400FEF721170DA,D3E001C2878B9B46
A356990E161C9E65,1E8D6005DFE850FF
0AD9710CEE2F590F,BF6FC7E8EB3AD582
65287525D951F6BE,5B6546CBD2A97EB5
312342E1A4874F3F,5B5DB02E446390F8
A4664972A9B8F8BA,F28019B8F48479C0
2485D34E50A22E84,686C0F594DECE3B0
1C4FC5752BCD8E48,8DA8F193E70EDF6A
5CE62918F8D703C7,6AF11BBCEDB5C27D
083A2CA4F2E573BD,567FEE8B6CB3761C
A4819F5E23E2FFAD,BAA2575947B921F0
71BDB63DBAF8DA59,299C89D661DD8E00
12995F2E53FFA601,E23837F03D9D9CB5
9CFDD90B2B844BF7,3AAE734A915D0A0A
1185A8087587322C,84A4848B00417D4D
533A7D1EA58DF958,AFE59F6531929B82
EA8C0DDB10E2822A,9CBD775226BEB857
D6D7478CA62B8D41,8F9A55E7D87C27EF
6558AC7C17BFEF58,586E414780C0FE78
4D1CB8DC40208A17,6AA21A3FEB33033B
5C3B791D580E0BC2,1FEE5D177684B67A
CD183314F7CD2E57,E36CA6B6FEC17E72
B3EA4FEABF41464B,3F1D798756F2F30C
5DA825A85D0EA6E6,BABB1D0752FE2AD8
662635855957C411,2314C4C472A33C7C
E95C8A1875A02CA4,3979475A1D72F224
F0A60040BE558F2D,69EBAB1EE389F069
EA14EEF5B7CD2C30,99E90C0A348D1105
F2EAC213D5EA0623,9DC1A6454CB8B9EA
2A7776C709904AB0,B308335B226917E4
6F44CBF56D79FAC0,E645AA05B575167F
AAA6A3698A69E048,C4E549AA958765B8
E5C0CF872C2AD150,F44CD46B3EC53222
D1F7CA1535D22818,640B13D2F5888F10
ED6D8E27A43B8CDE,0781C5F2DE0CF2D1
E0D36E5D9E99CC21,83954D324677C1F9
3E802F11FBE27674,170B6F91C41712D7
0525A2C2562F3CD4,83CB54755AC56E84
F41B5D290C99A3D6,BF8779A4D7A9658A
B07039D495E1D736,B5DD32482347E75D
604E810189EE3A59,385BB3443BD88252
4852FC386E2E1BB5,42C16E1E26C6F4A7
013E5CFC38CD5387,0571D275D47D33CF
CF1CE768BB43480E,B5B176232D066EAD
5C41E6BABC9E2112,0B4A6B4168F21B91
26903D9CD1175F2C,48644A320FB780EB
5F35F6732C3FBBA0,7F9E8971ACF74E2D
C60060EB0D8AC7B1,AC2D3618E6A9DA7B
72DD432F3CDFC0EE,D8575EED8AA4AA31
A8CF1CC0AFCD3F12,711D46DEC0FF8E64
D9127E83ABF7C631,A3E93CD02923663B
7A197E2521EE2BAB,227D489B83127E69
25E68244B0177686,A895817A0CF4BE9D
41BC0D722FC04221,55DB0C9C79CAC4B2
23D69E0465570028,83281755E11A1B30
CFDBDF5AE59BA0F4,D1FC0E1627CF2399
2D0FC594D1E9C107,17103BF9F0AE1BD0
AA295B6F28BD587D,FA40668ACFC30ABC
8416FE4E4629D7D7,E142CB86C7F67CB7
53C10C8BD774F2C9,50FF03268D8F1D86
593850C16A36B692,FBBC34CE79F2A41B
92DA6E70EF249BD1,8025C708462E034F
D8122C407663B995,EAEE6569A168D023
D4438C0564490E63,F77714DC04607D63
2162C446DFDF38FD,DD9344ACE0A7C71B
FE4C1D0D3B9CC17E,458F935971A3BE20
6BFB12CE158E3DD4,010AFEBA6F4188A5
3001BEF2FECA3680,12A1AB954FBBFA7E
62B9FEC9A11F10EF,E37341706C07CAEA
DC48473142545431,71B254F3954B2700
A75E2B6733DA5142,E59992C75DE5F7E4
3C4487461E9B0DCB,C42310672940C348
2B949A1E6AEC8F6A,F456597C04E3D543
357B152EF96C30B6,3CAE77775C5C2063
CF38DAFBB49EDE5E,9215150B836F97A0
4DCDF92BF64236CD,B43C78B59C9567FD
EBD3205A207939ED,F061544983150CF6
EB078CA2B5E82ADD,55DB6AD4E57B13E0
703CC7F60CBB2B57,44BC7772C728F7E4
8951EB9C6906D3C8,95A930453BF4FB17
BA4B8D83BDC75551,1FE9DFED9615F0A4
916CA67D26FD1E37,45BA339DB0D3BE63
A213B11DFF526300,79C53638C293BCEA
516FC96EB88EEFE5,B01A64E0E8B40D33
AC8C7B9B88C4A668,75DE9525403A4622
62A0296C1BB1CEB3,6100978FFB2F5CF7
A29177F7703B5644,900E477F7E7FAFD5
46E2B844905BC5F0,04D299C80240D6FD
C22912B1D85F26B1,25A00082F6F11619
C42DD763159F3461,C3E66A439E573E4D
59B9A7AF4C95133C,5F7D8538FACFDB16
924426BFFD82E915,297774B8A4AD943F
2BF66D2E7414F686,8B1F09CC6C3C3886
FA2888E3833C8E96,5E3ADA0EEEFBDA71
FFE1E5B792D92B34,45DC7FC8C8251687
59DF79317F85A7E0,6EC5829113861E13
F4435D66A8E2905E,C894B1D9685E4851
A1750FFAFA181661,C79ADA0735BAACC0
7D3A583856F2C5AC,7BCBEA12E57E6587
A651443F437B1CE6,E1AE18333ED5F859
6A7F19756F1A9016,0FBD6A653794B06C
E07BCA305B82D2FD,934EF04FD8E1E87C
7E6946F68A38B74F,B0B1C9DB727DCCDC
CA9D2AA3E326D720,6F322A1B441135FB
6F361B8889A792A3,02F0A29E75BCFD89
2B51EDBEFC301339,565B9270B6BB55DE
A0682D67EF1FBA3D,0D9DB1E3D67616B3
3270F67EED31FBC1,77BB529833419E4B
CE5AA445ABA8DEE0,484BAECBAC8BB2D6
DEAAF77EB3687E97,6B7C03C60655F5F8
4C89FE2BDEB3F169,9BA8CB55B5678B0F
C6E0E2616A7576BB,8D70EF3C45FCCE78
9DFE13ECDC1EC196,44E83A08C5886AB7
BB90E12CAC1DAB25,0AC8FCF0CEC63F8F
B7B0870EB531D08D,D5D519EBD3B94A60
AC6D445B994DF95E,29642054AD9A795B
82A3D6D9CC2CB8E3,DFFF30951A32BFA9
A7FFBA498E4AAF67,3B1B2E9D5A9A86DA
063AE2B2CC273588,DFFE747BA19D9E75
02E93C796ABD3A97,B68A38B956197963
97A28E63F0BA5631,EEBED677DE5E4460
E0A0AEC214B1FABA,AAC9F0E4D9150FD9
25361A96E0F7E419,A0A9E9496E9899BC
B44250AAA456492D,3D3453831104FFFB
B6C987F9285A3814,E619FB502337E500
1A330D297AAC6BC1,6C81257137D588C1
1B9025BDA76822B6,915E90E2D5CB9807
BA0127DA25FD54C9,AEA6B3DBCDF60D8E
6F1554B0CC2089FA,32DECC1CF6F6C11B
8AA464D4E0F6ACCD,F1FBB82B2E8FF64C
FC309E94546FCDB5,7AFCB9167082BBA0
C6DC823253FBB366,2B72223BC5E6AEE0
C7E7181C09F33B69,D3198E318504946F
8020A73847E0CA7D,24FF7130B317C0B6
5F91D5D0B36AA310,A26473B7836FF1C8
A0AD7E2AF5349F61,C0C84C8A3AD8D118
F13FE2A80C05C561,A768928261903931
8B4FFC790CA131EF,C9F8BB68BB2CA4D5
9ECA15ADFE141431,A7BDADBC292ECCB3
7A42B2E236E71415,FFF5F34698660585
FA1E0E893D915215,9FC86AFF8CD3A69F
B0C56BD3D808D863,8E7175905F094E48
198D161F458ECC7F,0D0B9F93E58E44D9
C847B43F369AC0B5,6E2231E76C64125F
5BD5F255321C4AAF,0522E7AF4E7D6835
AF42195A42C63BBA,914405FD4B00C8CF
DAF87174BE7454FF,2506BDA3E4340FB9
6EF54AB721DC6242,41D48F6479D67520
9A62EC95AE10E011,704159D6B427B3B6
A5C80D8E768A9E66,183C56AF4E869D6C
A8733668D1047B51,3899B75017372078
9B4BD21D69B1E609,96AC6C725E6ACC6A
49A49BED12794D70,695202FDB441A035
A78B8FA58200DA56,57B909F83A6BC60E
EB0A72181D4AA4AD,C734998376020A87
F434A10BA01C37D0,476E714E34018858
74A0FD0688F1EE45,DB0EA6C57DA7FBB6
4FEF53183C3C6414,4EC427EABB845D95
567384DFA67029E6,F752EEF4DA6D1BBB
886913BBEACA68C1,A9365A6B7CE7D167
F6792800AC95350D,D40A2CADD6CC0E8F
0467C11ED88B7D28,E52D3703C896F0AD
8132C0EB8B2B3293,B1F158EA12F59967
172F75B6EE2233BA,9BF92537E6D082DB
51F1A8E48C3D2F6D,44608AFE6B9DA594
0A6D923DFFC9BD89,9CA5C07B44FF55D3
26D7399B9587FE89,2409391486D1E7BD
112CEF1615A1139F,D46E3047D3CB2873
05A50AF38947EB8D,D64B042C61BD5831
E496A53BA5F50A56,AA5A955188A7BA43
6B07B9CE4D390375,03C14641295C0405
A0FA4EC6A05DA44E,A8990EC283701813
7808619F31FF22DB,B9CC5CC2A7437150
EBCAB9E5048434F4,60CB58283871142F
F814FEC6A19FD6E0,D59DB2CAAE900C49
108BE26959A9D9BB,A7DC59699AB1A38F
6CE50E47F5543D0C,1901AF1CA00D0954
6FB7BB3607D27FA2,A61FF8357522611F
2FBF47B1B36D36F9,863C8F1186AACA83
ECB41AC6AB754401,E48F17AFBADF9C3E
659CF2EF7F550C4F,D5EFCCA90028E8F2
821418C727FCACD7,02E2DEC4D2E7340C
211C4EF450086857,96D9EC12B0A4E1C7
66E7CB63C97B7D20,AF3DF0E7989C8411
FF287323B0E2C69A,44D90BC9C7FFCF49
606E4D3E3CCCF3EB,8B5C51228CBF49EC
DB283FDE680FE72E,E2C80C5EACF02022
241FCA5B1AA14F75,6772DD8C24B39E0C
0888C3502DBBEEF5,726B6280C5AAB95C
D7C10C4A637992C9,8ADD26334FB0EADD
1BBC135A4D25EDDE,003E36B62EFB38B4
DE03620F8703A9DF,58D0F0CFBE69C7B6
723538F61C647C5A,F6BDE128C5D5DC93
98215325A695E78A,C1859AE124240E09
A921DED15FDF28F5,911224DAEF877361
C0E0D686DDFC6EAE,E4AFB5DDD9416AD8
C4637A6D03C24CC3,842257AED006495B
04918A41BC9B8157,A58DAC6D423FDD11
3DA5ECD1A56CBA6D,F2FA5E7CACE568B6
283B6062A2C01E9B,5AB0A339DA02D5DB
330ED4D05491934F,11EAD59BC2566E94
4F18196C8D38768D,12CEE97058C9C747
0B0CC10720653F3B,49DDC54BE461D657
C7ABAC5DE675EE3B,FFF9CD8D5D1BBB58
5F456788B05FAEAC,6B12AF969525E2B2
BD0BE0BFC927EAC1,563DBD0FC25AC2E2
A60EF3B6461A4D43,7549990B242DCE04
367EF5E2F439B4C6,CD8E8EFBAF299D4D
C19F6C8E7865A6FF,AD40237B7C712CE3
098760C7461724CD,431B25DB75B9FF4C
C2F84B7F9C4D0C61,EF16F7A7D1759E2A
20194D48EAEC9A41,C4573B0DEAF874AE
D1032E482629049E,711C71764B9073E2
C6F8AB8A4189CF3A,8DE868D61BE35FF3
94BC51E9449D917F,532BF48031D68855
2CFC76E0D087C994,0297D850C96F98CF
B9CFD27A5D578D83,E4AD5A7B544DD431
ED34C0C02C098BB7,9D446943D43E1808
6F3D4ED9BEE4E61D,89D65C5BDFA950D1
BE3E347A87ACEB82,7D95E543970B8F2D
B7C7F6AD6424304B,AF343FF7C5CB595E
90D0622866E80445,ADB8AC6BAA4B8513
B7257BA2550EA10A,7AAF3FB351A73689
A135AC892A58FC07,B2714F704FF7BE6C
170910093218C8B9,80CD4100306AA671
72EB7BA9B69BF6AB,25C60E2F2C151A81
2F41D51BA3BCD1F1,EC7B86CCE3CCED42
C13C38E47EA5DF31,A2D922F2CCC4D880
8D30F648014A92B5,A65E4194AFEDE1BA
906CA41A4B74ECA4,1B2DC7C8A3EDB3CF
023ACAB2DC9DC4A4,25CC1255225B82F0
E3E5A7C64CA2C6ED,04F3056B70C6A3D8
0395CB47B022E62C,6F3336192F4A3B92
03A93FF1A2CA0864,45FF98724F5DFEB3
93028F1DB42BFD08,641C86A22CC715D4
BB8EA16ECBC976C4,13EEB60CB723D269
A00EFE4082C4056E,36A49DB9F73DB2B2
7572EF42FC6A9B6D,A7A4F67BDAB4B73E
FFE5C16F402D851D,9BAE075B594C3908
2C015348CF19CA1D,7507D76C760D0687
805D7CBB36FD6C4C,2288FA6B752930FB
F2E07819EF1A5289,94D83CFB2805BCC5
9489659372A81585,6F331AE8B59DD4E6
2BF72AD5B41AA739,C402D7B6BBABC791
228E5C6AD4D74BFD,710A0A81073A9D0C
DB90C6CCA48940F1,E17DA6B5116D8ACE
7AC752103856FB20,901DB77DC7B4E063
74698374C45701D2,DEB850608E66EF2C
140E6A44870A11CE,23FF6A7387AADACB
46E56A7CD1D63C3F,A3C18D59CCECF120
659F9D71F52843F8,639B7CD72B9C2F9C
21973BBF8D17EDFA,22F60AC75F47C66A
FD813BB7DB977F20,DED9309DDD5A58F4
FB00CA71DA386228,1AF9284FBBAD9335
F36199225D6D8C86,75C105CA8CD45D8B
20AC25E781AE4A84,94A63B54D2692FB0
265635150FB0D82E,58FEAAE8E3988687
7792424AA0EAC32E,D6FD02EB2524EF2E
35A1B3E1D1315CFA,CFB7E771D1F36AB9
56CE820830EF040B,ECEFCCAF4C7B9BD0
76D9B976C4C09FDE,4DD8DB5586FE430D
C88156EBB786F8D5,62DCDC9F60F4632E
439BFDE3CD0610F6,DDCD169B875A8C80
B13E88E655E5A3BC,AF5E31B386A03FE7
AA6A47A573ABB75A,05B028589AA5CDA0
BB0527EC6341496D,521CB5F4B6379029
A44FF770DFBC5DAE,09AB42F8A130B9CA
92CCC17A7A2285DA,CFAAA15106D94EBA
C141B8917E0017EC,444C68024D4B8F02
F154B8D1775B2DEC,FF1BFD649A95D374
2632482FD6B9AB87,81FE0E774FC75DFF
04655F9D075D0AE5,6E49CEDB385C327E
2107A3773771186D,E099401678A80E13
06462A961E94B67C,08FA3B9450364197
61A23B7EDA9BDA24,7D35B22CC79ACCF5
62EC273D00187DCA,854BE2ABA38DEF48
1A78AD3D8240536F,E301A6EBE644D433
35E0654F4BAD7971,50E174E0E0A47920
E620FD3512A04F18,A00C9347A682DC8C
5006D96C995A5827,D214FBC130C3F4A3
2C328AF17210F009,D0591B082DA226FB
EA241BB04110F091,C81FB0F481B923F3
DA1DF03D5A315F4E,BE4085245FBF8C61
3A8CADC7D37AACC5,DAB43B395AB1F55F
5EE2CAFF7F17770D,C7D3E81BB22FE187
C52E0F855C58FC2E,AC3CFA578F251755
E70BA7B90F8390DC,C203D55BCCF45E22
47EFA040EBB8E2EA,1D8D6C003EA41000
1E98817B311AE98A,58844C38B56B01B9
340F1415B68AEADE,2CC47791FA2EA37F
EB8517DDA73720DA,0A96EAF2259A326C
72DE52178C291CB5,12156A3FCF4F3077
9D8D44ADBBA61EF2,D7A1DE6EE7FAD28C
44A0BDC559B35F6E,E0CEB33DC8AA8D84
271C9D3ACA5D6409,5327F4D9D81C2A6E
DC04FCAA7839D492,CD8EA8870D89A8A3
C8E1071177A23BE5,085C8DBA86EA7B0B
A238192F33110615,3E7C3F788F2093CE
716B6DB9D1886106,05051A326970AA76
66F010A4B031A331,21748505935F3831
972BC203BBC4C4D5,538DF1E152BC09E3
01BB4D577D38BD9E,CED79B498016B0EA
786A4EB67B01BF0B,026318B0D6FA55B9
0653B735BFBDFE87,2AB80D913B690C27
29DA3CA8D8B2692D,2ED443C78A2CE682
34D66BC058019CE0,FE0E871A280D0ACA
0A986918B102B448,E1FB3759140178B0
8F8C0E370AE62F5C,47E8C764787EF133
19AF7ED9B9D23058,3D62E0B627279EB8
3FC795691834481D,F2AC8394E8D99924
8C90FE4B381BA60A,977BF7080DABA2E8
78C4E9961DB3EB5B,CF72485312F1D301
535E97E1F7FC0C6A,1AD04A88A892EDEA
57C5DB656185EAC4,8050404A4BD1D0EC
EC4B4B3B9908052A,144E3A77B4F2EDA1
7AFE8FDC10BC07D2,48B81126E2894666
BB106883F5201FC4,DE76B3FD3282384E
02AC28F3A01FA04A,D66C7D8F6AD07EFF
6599D834B12D0800,4EBFAC94C831142B
452419CBD838065B,3B94A91989B44823
5C90988E7C8E1AF4,4F7C4AB87EB643C0
26F49BF3381D933D,20A3CA9A2D6719B0
F1A6C18B35BCADE6,ED18B547CC03A469
EA95C0853A27888E,F5D57F8181FB7445
9C22CFC31189241D,678263DE4652A485
41350B4FC28E3941,A7A00AC8D63239F8
851CD923176EBA7C,B2694775B9BB370A
9135584D09A3437E,131F04047A7864D8
523A590C1A3CC0D3,EA5DA18A7AC691A7
EE4C0E6DBC6F2C6F,297858422D123974
BAD8F2A42B844821,33A6FD49635DC48D
F06EBB91A81E09E3,2BBE3495E78C9438
E4F6E8D07A2F0F51,E64A3AE07D1531B6
8A4416C0DB05FA66,BE9DC62D71E6D646
81404F3DC124FE5B,E94C3DFBD4D74724
4E3CD0EF8A489541,30AD09706BA583B8
FCA9373EF340AC0A,3F3EF2D8197E01C5
45A83257ED02D9BC,96F1D5BFDB71AA21
593FEAE1F73392D4,20D9BC02CB873D5D
3353D13F09307691,BA4914262909D9AE
5917BBA32D06C230,9C5EDEA04AFB252F
3F69145BBA87BAE7,F6EA88E94E2BD224
9F1935CA1F724008,8FF6FBC657F0141D
2EABE3B06F58C1BE,3B4B2A7D56C01C09
977DB4641F6FC3DB,2B8FFBB76011CA06
C15907D667F7CFB2,BB5470581157221C
F3365489E0DD50F9,08F1CE1B6173FA3B
5CF0D8F9BBA0DD75,6F40CA12DE6862D6
83E87508A2CA2AC6,335BFE4BF18C7988
500873A45724C863,F1F0F4AF4E158CE8
F0A4F1BBF4FA7497,FDBAC69EFCFF8452
D0D7B1E680ED4A1A,EEF24AC3000C8433
81FA173F170560D1,201DD5EED8943538
5E657EF1099EDD65,8A0DD05509D75CA3
EC52C631A1831C03,9CA39884C2E4F612
3FA00D4F4641BFAE,5DBBDF50CD03CC68
50F457823CE6EB5F,2AD3045712160011
DBA3C090E3D74690,B107D044FEA47767
E7E11B8DCBED1058,4233E0A49029D39E
14D913B777DFF5DA,04366A1CC7C6ABA6
9C14D30395A51A3C,97A76130F5646065
0589B5E791CE9B2B,68A97E36279487AD
2B5AA717A181FB4C,DE4189C50F68F0A4
C90621D8A0CEECF2,FA62A4119BE7829C
FA3FFB0EEBC288A3,32D5AD8D06DFEDDA
638C03B0F9878F57,F8F7AC3EAD55D9B9
1093408B4B9D1146,F68E4E46C76FADB6
5190796ED39C9B6D,A4B1CF85F7018E78
3C49C870E66F0A28,9F14D3A90A7A25A9
A7DCDF4DED40A8F4,9155F8478E78BC35
DD902D0349AFAD3A,2F1ABED17AD92CE7
0E4299C549F0D1F1,065D5E228ED256F2
20AE33F3AC9C0033,4358CC02801124D2
A6F6F70FDC6D144C,3CAE4C2FDDBD863F
F854439EFBB3B583,A8D2FE9FEDE0F78F
E6B7B0ACD4E4B75E,44327D00A05B6907
12782CE0A636E9F0,B56EB37D7F914E06
C7034807558DDFCA,D7A2BD167E26DCBD
5063F92F07C2A316,ED1997D855A9D9CE
1CCE141467FF42A2,CB1996A58F3E3E4D
8B05F884CF7E8020,02CB367B94919576
FA0675AB151073FA,718B410D2D92C542
B604A2942ADED0EE,9EBC1183D6EE08A2
4FC9381A7AEE8968,AFB096EF517D4ED8
6FE601A64180D423,EC31745B182C0B6E
77A84429DD9F0A15,8CAA9D762494A9CB
36F1B38855F2A8DF,C8ADE97D5EA74CC8
DF1AF8B5D56542FA,A9459CBE61076DF2
840F03E9041E2C9C,F6FBE0229ABAB0A8
EF398BEEE4EF45F9,4B4FD12B3B16443A
52BBA29D5EC69356,26DC5F26E903E3F8
2A30922C90C9B42C,660FB6B2D8C885B2
83F7E01C7B769A26,88C9919A1451692C
4A58A47A72E3FCB4,8BD8FCCE148429BF
5FC472C501CCADB3,13405A363FD706BB
B542DE8C3D1CB210,AA9C3673D5649D1F
5D35ECF3A81A0EE0,5DE3BAC60A3F44C5
965791A9A488A062,77EBE54599B2C2D0
AC96609B9995EDF8,24B736A5B7EBE1EC
48838ED9937A15D1,829F49209FFCC472
44F7CBC1BEB3327D,EF0A5345D257E6DE
9C00E77AF14B2DFF,0F11288AA9340610
068F64F2470F9656,16EB34BCB8FF7F0D
A3F3564A5B3646C0,16F2C573F1E2F4AA
2016C603D6B8987C,AFA2872DAFE0E3E4
75AC2B60386D89F2,C3EC4B771200D096
FA932DE350266EF8,AFA5A65F1B3A31F5
057A25CFCC9DB671,681BCB528BE0E859
761B0E69AC4D007E,0D703FCA27F27186
46494A2475701343,2584D4E60993D679
BEF34B1D9624D5DD,F526B32566D0BEA2
E4DCEC7FD5B739A5,DE1408E18FB5EB43
C6D3D26810C8E0F9,67182A03BD561806
E495D1EF4C91FD20,50733A2CD8CDDED9
D2DCCD8E16E20997,07AD77A9898E29BA
A660FAF550EB37E5,85E5529F7256A562
C9BF75D28165FF77,3FC3A4D55785B566
397BAA01068BAA96,562F3CF0101A98ED
6CE177D014502E8A,16C81091DBB14498
14C9FDCC41F81F63,829C197D6E81B961
BAE4F9B97CD43B30,E79194D122EA68B9
CB645E85E97EA48B,E73EDC7F2F144E8E
DD6CB2CCE7C2735C,06B6B032D809D25A
644546EC5287471B,E1C045B5E77827E9
88BB3507ED41A240,096C2FC08F9D8D51
C3AC2FFF9612AC81,DD242A311A364879
33D47E85B476ABCD,34EC7057108BF059
D202B92CBF1D816F,B288B2E25E47234F
DF4B952F7D381B95,C85FF1F8A04236D3
4282E08174868BE3,86CD3AEC95187C53
16160DA74A8E74A2,B3C38851B8F9B85D
5776ED562C134687,92DFCD1A586E7748
74556E1420867ECA,9E1262DB4886EB3F
3DC52677769B4AE0,2F4A7A59A01DB353
AEEDAD1420C65CC0,C3DB7F852D61E7A8
4CC7F0FEA5283FE0,0137CA6AE1876609
B4DEAE67F35E2ACD,5427C5E12161CF00
7A5349B773584675,C677CBED737C2039
81AA517FBBA05D39,C8A2BEBDA1E2ABEA
1461B28A06717D68,947EDE920A8F18DE
4E90D746056E273D,C505B5B386596CE3
88274C11CF0D866D,1C82607FCBA3A762
47AED84213A47510,8910EAF195C635A8
65FAEE425DE637B0,513CBAB6D250E264
5DC40A8869C22141,D73BAB1C72BA581B
0F73393BAC7E6730,C22F0078002B00ED
D302E99EDF0449CF,F345244F8311AF6F
5C4EBFFA98BDB41C,2D2E3E2B3C023D86
1989C6E6F67E76A8,33B0350E70444F14
07C61676E5BB52CD,C7FE3513E8973BA0
8147FFF6A718E1AD,25CB978260013FB3
F22CA0FD74B80E7A,7FF37BEAAE86B2EB
9237E334F6E43156,6EDB158C436CA796
700569DBA175A77C,3B4089734C64DFD7
1D4446A62D35B0D0,2C6D85903A6AE09A
2E89990DDFF670C3,925DF35B964FC55A
D0EE05FE193646EA,5F39CC95028D4F8F
F6BAAAF762E1BF40,CE554FF47ACC6D3A
CFD0406ADAF90D2B,A015D541B3086761
262AB456A3D21F93,A03990C2A666B053
E8E3FCF72EAC0EF8,128D1A2DAB8F0DCE
E41C65E07A5F05FC,8CFD0ABAFF83CFD0
D3A58A12C77D9D4B,CCF741A37BD0CAB3
9A2C8064B6C1E41A,0EACAC06DA21203B
69D82604A1A5A254,462B33C675A1D1E1
87E0052F08BD64E6,0C02E64A92526984
1E6611149DB3DB6B,5A3487C540B04426
95C5D356CDA6E85F,2AB61CCAC4CD3261
846AA8E7D55EE5B6,DC875D459D4CDDB0
1514FB24C02C2322,F586F680988B2CE6
607E8E3D3E4F9611,7CFA969DC00E32FA
5FE1DF3342DB7DBA,86E777FD3EEE3E8C
749B023950D2311C,82937FEADEC88326
25D7687C68E0DAA4,F30474786354BD67
3FF2FCEC4B7721B4,36A1472217F05521
44151AEA95C8A003,B333BFAB5E7E76EF
C9853A2BE3DED1A6,ED0FCF7A6A71BB7C
CA52279A7271517F,E59444D8E940F0BE
3FD2EC8BF1F1CF30,25653BA5FF37F809
5A4A6A6D3DC64F52,94FCE9F679E49A66
21115BCD6E44656A,9EDEEA994698960E
F1B9F16E89E2C93A,32ED0A5245744097
052991E59076E4E4,C72EF66FA0B25C63
1F464EF988465A81,49C0A24B0C64060B
452736765B31FC4B,9BF6ACA1044F0A92
A9D14EEA259F9248,B8DDE0099965B825
9FD90732F56403CE,61C57640D7569ECF
0BE84C318BA6EC22,F5A4E13E4B8151D8
3CDC7136613284BD,CCC984BF74DC5A30
4EE5367468A65CCC,81F83862CDD4D39E
7CAEC29ECB5DFEBB,F0F58D33BC1F078C
BBE5D803A5360CBF,F0FAC6CA001082F0
B1577667C3708F9B,5738B4835C9D6C70
F2CA003F167E21D2,38299A1DE43667DF
BF737600CDDBEADD,D49E1805F5AA8792
60FE567DF1B1AF9D,4DD24B5EA0757B4E
04456F95153C6BE4,DDE905ECE033EB55
C8F4131414C835A1,006F984DD96005C7
48F069265A0E4BEC,E80AB666DDD7D1CB
EB1774DF12BB9F12,4C1B54FB5FD65245
10C2FA78D0E128A1,3D5924F121A78A53
6F7794F28C6B2535,4E4EFA978A332B98
EDB1232C5BEAE62F,327DB37C9D3A2719
FAA457EF263E8763,61CA0A70118AC939
C0714D0A7EEECA54,800BE11D571E2E0D
A4A0065E39C9F25C,516E4DB72695977C
B606E6CC59664972,32393C3A2B84355A
8269816F6CFD40F8,A9F8B5FD5FFB34DF
A735353C77334EA0,55160E78E7EFD016
7E2BD3EF6C205F09,F1559FBE91F13465
596976B02B6B5700,12637A5F32A55571
8B3CA62B1EF19B62,8F24BA8A74A26844
DE45D1A1EF45EE61,E2B90BF0AA28231A
62AB793144DE75DC,BCE2F98D372B05EB
ADD95C7005C4A197,643921BAF5EADA1B
8CDE909A0370BB3A,6A7B3C4EFFC59605
D559D2BE9E37853B,732FD98F4A63038D
DB89591E290D9182,53B34E295AA9EE4A
D261BA3E7E998072,D18F522C48769201
BBB45C3CF5C8AA85,95E7320BD9D51F89
2E8AABFA40A84F8C,A3062DD812C1F6A5
4ADA3F19BE4A6047,49AD60910638AA79
0150B6FF25A9E2E5,A57E87581B32C62E
F740FB339D471C35,2ACB31E9AD9CD463
C9001364B4388F22,4135068DCDCF385D
93E0DB8440B73A7D,4569005B3D20FB02
317B11A312DF5534,4FC578F8112000B8
06EE9048FD080382,1F860979C9E7CD1B
13AD665062541A7E,9EE77A2A8E060D95
E78503B10C4314E0,52C950D703092348
F113E3AA9BC54613,94F61063C4176ECC
908311265D42A820,4FD2CEFB8C7D9397
23428FC53C60919C,8C8D76FF623C41BC
8415D95B194A3AEA,278BCAFFD3056018
CEA66DAD478CD39B,42E99B21B7BF92D8
C0E78D5C2CE3EB25,186418E088F72A33
F90125F1F79ECDF8,93E374390D566810
6FD7816A36615F48,B0A92D4A3B3FC3C4
95812F9B26074726,E95526D22B02B8A9
E4E6DD5566D28C82,3E60BEF5F2687403
A0AD167E4B39D9A2,55D9593FF40BF91B
69FF13266D7296DA,EF83643F973BDA35
F813C7E63F9062A5,95FD42F6FB9333AE
2E0259BABC27A327,8138521DCE5C7E3A
9465E683B12D3F6B,5E79A67ADE9A537C
71C33B22606CD88A,36E030BD64FC108B
3D120012440E6683,3F6818D0434C1E9E
E42D626EEC94E5D9,3E5C5BC88838015F
F9096193DF1F99D4,0243B92F54E119C8
4FCDBD3F0A813C25,24ABBD01DEFB693B
4967A516ED23A5A1,CDD4B67C569B25CE
2818FF6638CB09DE,72D865B1FDCD10F0
3D45B0B355C5E0C9,8FFA52004D85F69D
85D5422B2039A70D,FEB9D98A1C803503
D6CA58B3B53A0F22,1A67DFBF1F5C3835
44919CC079BB60BF,9498FF1F54FDF587
EC69ADF931AAE0C3,C5B90B9E8A99F4EA
1C2473301B1C66BA,EDF0BE28FE1D7A5A
B9496CE47546DB2C,100E9A326CB97BE4
5D97630A8A0EF123,70CE8D2E6B0ECE3C
AF04C87F5DC1DF38,6E5803BCAFED72FF
810B5FCC52EC7FF0,9A898486F0944461
6FD97159FE3C971A,8E085CBAC2D80633
015C49A93E3E086E,75D6926F4F0071F0
870289A558348378,E7E4F46550C1BD36
A69AC4ADE82B57A4,15173FB88ABC94F9
33981D6804E62F49,F25D8F13BFD62011
848B66100EE33B05,0EA7AC7704C7C2FA
51F0FEB9F6AE98C0,7DEA086D46274EB3
9D1224004B3A6707,E1D1E88EEC7965DA
6572ABA3DE1197FC,B422B53E7DCE903D
95101C443A84E7F1,E131502B4410E6E3
D9454B5752C857DC,BCB989F2DE72FCC8
073CA26B079F956E,F4F27FECC8BEA824
F488C566413B4232,D02BB47B48729D81
A2E9C1AB8A92E8CD,45298A0DE4030450
53AFD64C6758F2F9,DEFD839F7EC4B1AE
17C9E241111A674D,72643E7E52406496
615D3925E87A3B26,872FE1408217492B
E2BB399D90942091,BD8346376F7A8410
31574B1B41268673,C3D08DD4F74EE8C8
CA59CCAE5D01E4CE,D89835E1D519B569
FDC07C58E8AAB715,C39235AF19B4EF8E
577599CCED639CA2,08ADA18D30E0391E
C5238C011AF405E4,AB6A270F84A8781E
8664170EF165C4A6,18E799D84C12692D
8BF907833BE275DE,719D2DC716064B76
16A304E6CB2BFAB9,5D84ACA900168A16
9DBA107B4937F809,7DF18B623115AF1C
7AE0589093A2E088,16BD21768D0C0D2F
40763EA7B9B783E7,A666FA3E58C7D1BA
2A7CEC72C3443BCC,DAB070D70D427AFD
2542269291C6AC84,656DA4A4DAD8CD55
72D0706CD6CCDB58,B7C255F4F163F7E4
B4271092CA7EDF48,D6D29A31AB2A8BDA
CA94551B50B4932C,481CBED1F160D1F5
722F5D28B61C5EA8,7C48D91103669719
A2F952104FC6DD4B,67365D8BEE8AC02D
76BBA2CEE66D47E9,0E27405DD251B46C
97E7E2C04245115B,C72A784872F13376
B3DA2606774A8E2D,D744FAE5E36E967E
7C4FCCD2E4DEB394,8B8AE99F9148079E
5473D4195058B2E4,74F78FD8E814CE1A
F3E31D16CBDCB304,62025DA221257962
5AD3932DAEB1E5D3,DDA36ECC91263505
CADA5A0D0702381E,C5BB4DDEFA17EE8F
F10B44FD479D69F3,1D48FFFF00BE8B38
78321BEA235FD8CD,961B6C06CFFE2384
0CF54F20DE43879C,4AC2772F085903BA
A352C1B864CAFD33,8146DEE1C9356611
DA7DE67F5FE5EE13,6F06921E5086B58B
3E45765F3FBB582F,3E45765F3FBB582F
FF5E5EA2DCEEACF3,FF5E5EA2DCEEACF3
4CAFEBFA21EC188D,4CAFEBFA21EC188D
4E0AF9114608257C,4E0AF9114608257C
F584CF8529B51434,F584CF8529B51434
97FFB4ADEED08066,97FFB4ADEED08066
77C3CEC46BE286F6,77C3CEC46BE286F6
8339643499D1222E,8339643499D1222E
7EC8ABA5E74B3D7A,7EC8ABA5E74B3D7A
B40F96D6D252839B,B40F96D6D252839B
1464E17207CD36E2,1464E17207CD36E2
925227803A0EAA1B,925227803A0EAA1B
D1E46824E6FB92B5,D1E46824E6FB92B5
EEB7E5D1FEB20869,EEB7E5D1FEB20869
DD829AA198FDC46C,DD829AA198FDC46C
C66D1CF99ED7FE25,C66D1CF99ED7FE25
BC6227792A188E2E,BC6227792A188E2E
533073E8A596008C,533073E8A596008C
FE65AFE7308E32B2,FE65AFE7308E32B2
B846F547D3792DF6,B846F547D3792DF6
BCB266247193AC61,BCB266247193AC61
C10322A8D3E061EE,C10322A8D3E061EE
93AA4165CB67E925,93AA4165CB67E925
B9F7A469460E7A4A,B9F7A469460E7A4A
257ED0FADF750BCF,257ED0FADF750BCF
F0BC9BCD24A511D5,F0BC9BCD24A511D5
C1447451DDB512F0,C1447451DDB512F0
9C93764223E29C50,9C93764223E29C50
27F248C3FEBFAAD3,27F248C3FEBFAAD3
834344A414C7C85D,834344A414C7C85D
32C27A11307B01CC,32C27A11307B01CC
A72200F51875FEA4,A72200F51875FEA4
0764486AEDE748DB,0764486AEDE748DB
C219887CA3E65C41,C219887CA3E65C41
37FAAA68DCA9D08D,37FAAA68DCA9D08D
290D248E25815AE8,290D248E25815AE8
84B418E93894AC1C,84B418E93894AC1C
E5E9746A66359F9D,E5E9746A66359F9D
690B76BD2763E068,690B76BD2763E068
C01D2470F22CDE5A,C01D2470F22CDE5A
1A67DFBF1F5C3835,1A67DFBF1F5C3835
BBA55BE9AAAABF44,BBA55BE9AAAABF44
FA5B74BAB8A7EF99,FA5B74BAB8A7EF99
FF14D6FEEC507BBE,FF14D6FEEC507BBE
1187CB58D7F3BED7,1187CB58D7F3BED7
69C922B677621428,69C922B677621428
DDF3CB5A0A4C0B49,DDF3CB5A0A4C0B49
2310A8F9421EBF43,2310A8F9421EBF43
DA5E12F728DB30CA,DA5E12F728DB30CA
AD464F2E18836BFC,AD464F2E18836BFC
0BB5CBDDD0F25AE3,0BB5CBDDD0F25AE3
3A375167F5782A65,3A375167F5782A65
5AC79C98C5C17F05,5AC79C98C5C17F05
2F5A72430E78C8D3,2F5A72430E78C8D3
EC0C1D4922AF9754,EC0C1D4922AF9754
4AE5AC8B852D642C,4AE5AC8B852D642C